0.9585902 0.0169956 0.0109863 0.0051305 0.0036882 -0.0279109 -0.0066762 0.0349716 0.0319257 0.0358495 -0.0121877 0.0088325 -0.0074664 0.0184701 0.0186165 0.0212465 0.0203583 0.0032229 0.0085935 -0.0657844 -0.0621949 -0.0669933 0.0332277 0.0443984 0.0336136 -0.0787478 -0.0677691 -0.0598304 0.0301213 -0.0004224 0.0145995 0.0068739 -0.0651702 -0.0601231 -0.0659965 -0.0527658 -0.0544858 -0.0466792
0.0169956 0.8750281 0.0319813 0.0158677 -0.0046275 -0.0159536 -0.0055682 0.0112010 0.0053667 0.0137746 -0.0023199 0.0107551 -0.0000386 0.0078559 0.0001830 -0.0057832 0.0046935 -0.0021590 -0.0085778 -0.0570947 -0.0532888 -0.0521221 0.0147615 0.0199566 0.0076389 -0.0575403 -0.0568478 -0.0567572 0.0070210 -0.0036166 0.0041611 -0.0014581 -0.0515386 -0.0494919 -0.0526287 -0.0436173 -0.0394631 -0.0332779
0.0109863 0.0319813 0.8799731 0.0192401 -0.0050941 -0.0185845 -0.0017509 0.0171879 0.0028172 0.0102923 -0.0041028 0.0140777 -0.0054602 0.0024276 0.0084736 0.0008064 0.0039965 -0.0000473 -0.0021945 -0.0589026 -0.0525592 -0.0584627 0.0204741 0.0199089 0.0127682 -0.0529609 -0.0518073 -0.0535141 0.0070544 -0.0056518 0.0090840 0.0040290 -0.0492758 -0.0479166 -0.0566785 -0.0459238 -0.0440939 -0.0346231
0.0051305 0.0158677 0.0192401 0.8788707 -0.0102430 -0.0131464 -0.0048882 0.0032413 0.0052412 0.0034777 -0.0072654 0.0061854 0.0045246 0.0002251 -0.0028055 0.0037124 -0.0050852 -0.0040219 -0.0086611 -0.0442517 -0.0372429 -0.0360139 0.0098622 0.0143685 0.0067772 -0.0375395 -0.0412244 -0.0369429 -0.0023373 -0.0053711 -0.0060514 -0.0094870 -0.0373884 -0.0442757 -0.0411520 -0.0282447 -0.0282304 -0.0288594
0.0036882 -0.0046275 -0.0050941 -0.0102430 0.8698590 0.0025295 -0.0213027 -0.0115369 -0.0097960 -0.0084136 0.0008897 -0.0066948 -0.0033482 -0.0078154 -0.0093840 -0.0064700 -0.0160636 -0.0091765 -0.0111137 -0.0295048 -0.0312131 -0.0277611 -0.0029001 -0.0011615 -0.0047418 -0.0258264 -0.0266889 -0.0257020 -0.0125788 -0.0157450 -0.0097984 -0.0137476 -0.0281163 -0.0222155 -0.0291494 -0.0260225 -0.0225351 -0.0273725
-0.0279109 -0.0159536 -0.0185845 -0.0131464 0.0025295 0.8711658 -0.0117605 -0.0306068 -0.0201311 -0.0234386 -0.0099778 -0.0144616 -0.0033296 -0.0216789 -0.0174173 -0.0208308 -0.0233371 -0.0134672 -0.0228115 0.0071406 0.0029902 0.0041118 -0.0264090 -0.0242597 -0.0204468 -0.0018893 0.0082233 -0.0008848 -0.0188435 -0.0236789 -0.0185382 -0.0235525 -0.0047780 -0.0001731 -0.0020911 -0.0033499 -0.0020233 -0.0095140
-0.0066762 -0.0055682 -0.0017509 -0.0048882 -0.0213027 -0.0117605 0.8733039 -0.0062313 -0.0091897 -0.0084328 -0.0091714 -0.0084184 -0.0029935 -0.0113589 -0.0108282 -0.0156867 -0.0071322 -0.0161342 -0.0165715 -0.0200110 -0.0125749 -0.0160898 -0.0113132 -0.0108048 -0.0126244 -0.0110633 -0.0200306 -0.0161166 -0.0170324 -0.0184132 -0.0153597 -0.0199136 -0.0143818 -0.0143443 -0.0161139 -0.0191796 -0.0132567 -0.0114363
0.0349716 0.0112010 0.0171879 0.0032413 -0.0115369 -0.0306068 -0.0062313 0.9138015 0.0423768 0.0468985 -0.0219442 0.0057507 -0.0072413 0.0153751 0.0170539 0.0109648 0.0186978 0.0117926 0.0040157 -0.0760050 -0.0719970 -0.0690848 0.0418252 0.0484422 0.0312261 -0.0799758 -0.0854142 -0.0709473 0.0082611 0.0041474 0.0144756 0.0094909 -0.0709532 -0.0659226 -0.0694585 -0.0527043 -0.0544855 -0.0391694
0.0319257 0.0053667 0.0028172 0.0052412 -0.0097960 -0.0201311 -0.0091897 0.0423768 0.8903705 0.0417500 -0.0137674 0.0102796 -0.0046218 0.0080478 0.0089014 0.0123087 0.0152566 0.0180804 0.0124977 -0.0634888 -0.0573276 -0.0586679 0.0352009 0.0420835 0.0261370 -0.0732044 -0.0735792 -0.0690375 0.0086314 -0.0011239 0.0089816 0.0017017 -0.0612602 -0.0595445 -0.0653844 -0.0533249 -0.0488256 -0.0408518
0.0358495 0.0137746 0.0102923 0.0034777 -0.0084136 -0.0234386 -0.0084328 0.0468985 0.0417500 0.8835179 -0.0155173 0.0067744 -0.0004495 0.0146795 0.0074611 0.0075621 0.0130518 0.0083543 0.0042672 -0.0781095 -0.0697277 -0.0632015 0.0417542 0.0503046 0.0294668 -0.0728138 -0.0772829 -0.0681598 0.0057000 -0.0005348 0.0113160 0.0059554 -0.0677730 -0.0677721 -0.0633695 -0.0534322 -0.0580269 -0.0485560
-0.0121877 -0.0023199 -0.0041028 -0.0072654 0.0008897 -0.0099778 -0.0091714 -0.0219442 -0.0137674 -0.0155173 0.8746631 0.0084054 0.0074232 -0.0149715 -0.0079378 -0.0148367 -0.0110717 -0.0085504 -0.0149989 -0.0218846 -0.0164422 -0.0184353 -0.0149700 -0.0117642 -0.0143959 -0.0231267 -0.0218128 -0.0204581 -0.0115273 -0.0145058 -0.0111489 -0.0153720 -0.0093727 -0.0163187 -0.0194833 -0.0170592 -0.0180112 -0.0214042
0.0088325 0.0107551 0.0140777 0.0061854 -0.0066948 -0.0144616 -0.0084184 0.0057507 0.0102796 0.0067744 0.0084054 0.8650834 0.0027921 -0.0002714 -0.0008649 -0.0003286 0.0009654 -0.0029044 -0.0163080 -0.0440417 -0.0440137 -0.0409809 0.0075366 0.0064617 0.0010377 -0.0448908 -0.0483029 -0.0470677 -0.0011757 -0.0084752 0.0013523 -0.0031469 -0.0372247 -0.0408918 -0.0365048 -0.0407328 -0.0359680 -0.0309404
-0.0074664 -0.0000386 -0.0054602 0.0045246 -0.0033482 -0.0033296 -0.0029935 -0.0072413 -0.0046218 -0.0004495 0.0074232 0.0027921 0.8543925 -0.0066976 -0.0120710 -0.0124639 -0.0071108 -0.0165817 -0.0200211 -0.0266989 -0.0244973 -0.0266079 -0.0020784 -0.0082523 -0.0101545 -0.0289391 -0.0254190 -0.0231858 -0.0047156 -0.0143197 -0.0047614 -0.0089089 -0.0223060 -0.0242284 -0.0228101 -0.0206744 -0.0220794 -0.0210131
0.0184701 0.0078559 0.0024276 0.0002251 -0.0078154 -0.0216789 -0.0113589 0.0153751 0.0080478 0.0146795 -0.0149715 -0.0002714 -0.0066976 0.8780786 0.0300117 0.0357623 0.0063636 -0.0022286 -0.0040017 -0.0570767 -0.0499867 -0.0534520 0.0133709 0.0197403 0.0129417 -0.0529449 -0.0565297 -0.0490614 -0.0010573 -0.0000623 0.0125260 0.0101837 -0.0421843 -0.0455738 -0.0525264 -0.0433588 -0.0374128 -0.0370503
0.0186165 0.0001830 0.0084736 -0.0028055 -0.0093840 -0.0174173 -0.0108282 0.0170539 0.0089014 0.0074611 -0.0079378 -0.0008649 -0.0120710 0.0300117 0.8832631 0.0287585 0.0048569 -0.0002107 0.0036456 -0.0538033 -0.0497955 -0.0512919 0.0180940 0.0250897 0.0108536 -0.0587270 -0.0575296 -0.0512627 -0.0006569 0.0143556 0.0150431 0.0139315 -0.0505191 -0.0462831 -0.0567850 -0.0437064 -0.0425612 -0.0347569
0.0212465 -0.0057832 0.0008064 0.0037124 -0.0064700 -0.0208308 -0.0156867 0.0109648 0.0123087 0.0075621 -0.0148367 -0.0003286 -0.0124639 0.0357623 0.0287585 0.8756634 0.0071966 -0.0020799 -0.0116897 -0.0547417 -0.0483536 -0.0488639 0.0204639 0.0213807 0.0086973 -0.0492022 -0.0589491 -0.0487315 -0.0017209 0.0055617 0.0112458 0.0073491 -0.0513554 -0.0444510 -0.0557315 -0.0367593 -0.0370154 -0.0337923
0.0203583 0.0046935 0.0039965 -0.0050852 -0.0160636 -0.0233371 -0.0071322 0.0186978 0.0152566 0.0130518 -0.0110717 0.0009654 -0.0071108 0.0063636 0.0048569 0.0071966 0.8654212 0.0293319 0.0185717 -0.0543735 -0.0513865 -0.0492185 0.0274197 0.0274879 0.0082849 -0.0590961 -0.0545330 -0.0533297 -0.0012983 -0.0115661 0.0050973 0.0020530 -0.0465996 -0.0482696 -0.0479690 -0.0343764 -0.0396635 -0.0356172
0.0032229 -0.0021590 -0.0000473 -0.0040219 -0.0091765 -0.0134672 -0.0161342 0.0117926 0.0180804 0.0083543 -0.0085504 -0.0029044 -0.0165817 -0.0022286 -0.0002107 -0.0020799 0.0293319 0.8777719 0.0232440 -0.0437155 -0.0399205 -0.0410192 0.0143282 0.0133028 0.0063978 -0.0420823 -0.0439125 -0.0456034 0.0003253 -0.0062885 -0.0024655 -0.0061899 -0.0413245 -0.0440873 -0.0390555 -0.0363479 -0.0347472 -0.0364702
0.0085935 -0.0085778 -0.0021945 -0.0086611 -0.0111137 -0.0228115 -0.0165715 0.0040157 0.0124977 0.0042672 -0.0149989 -0.0163080 -0.0200211 -0.0040017 0.0036456 -0.0116897 0.0185717 0.0232440 0.8743296 -0.0423659 -0.0359360 -0.0360068 0.0141821 0.0136008 0.0123763 -0.0443964 -0.0381317 -0.0400907 0.0022680 -0.0049469 -0.0073546 -0.0012540 -0.0342874 -0.0395986 -0.0412658 -0.0264868 -0.0301627 -0.0245864
-0.0657844 -0.0570947 -0.0589026 -0.0442517 -0.0295048 0.0071406 -0.0200110 -0.0760050 -0.0634888 -0.0781095 -0.0218846 -0.0440417 -0.0266989 -0.0570767 -0.0538033 -0.0547417 -0.0543735 -0.0437155 -0.0423659 0.9347047 0.0918871 0.0812806 -0.0925008 -0.1009903 -0.0775162 0.0941699 0.0927586 0.0801869 -0.0507174 -0.0397551 -0.0570952 -0.0479280 0.0719619 0.0737867 0.0814043 0.0556813 0.0541529 0.0433783
-0.0621949 -0.0532888 -0.0525592 -0.0372429 -0.0312131 0.0029902 -0.0125749 -0.0719970 -0.0573276 -0.0697277 -0.0164422 -0.0440137 -0.0244973 -0.0499867 -0.0497955 -0.0483536 -0.0513865 -0.0399205 -0.0359360 0.0918871 0.9077178 0.0795906 -0.0828861 -0.0906632 -0.0724033 0.0759242 0.0668585 0.0608947 -0.0408843 -0.0285629 -0.0491424 -0.0365388 0.0628008 0.0646083 0.0725355 0.0446051 0.0446143 0.0279594
-0.0669933 -0.0521221 -0.0584627 -0.0360139 -0.0277611 0.0041118 -0.0160898 -0.0690848 -0.0586679 -0.0632015 -0.0184353 -0.0409809 -0.0266079 -0.0534520 -0.0512919 -0.0488639 -0.0492185 -0.0410192 -0.0360068 0.0812806 0.0795906 0.9116203 -0.0854248 -0.0917213 -0.0694195 0.0802465 0.0754987 0.0654149 -0.0453479 -0.0307765 -0.0486181 -0.0428482 0.0725271 0.0564050 0.0775282 0.0449927 0.0534249 0.0304002
0.0332277 0.0147615 0.0204741 0.0098622 -0.0029001 -0.0264090 -0.0113132 0.0418252 0.0352009 0.0417542 -0.0149700 0.0075366 -0.0020784 0.0133709 0.0180940 0.0204639 0.0274197 0.0143282 0.0141821 -0.0925008 -0.0828861 -0.0854248 0.9028817 0.0826243 0.0689794 -0.0957313 -0.0894301 -0.0777291 0.0238275 0.0036754 0.0164443 0.0060694 -0.0870777 -0.0767205 -0.0865662 -0.0642777 -0.0621989 -0.0566785
0.0443984 0.0199566 0.0199089 0.0143685 -0.0011615 -0.0242597 -0.0108048 0.0484422 0.0420835 0.0503046 -0.0117642 0.0064617 -0.0082523 0.0197403 0.0250897 0.0213807 0.0274879 0.0133028 0.0136008 -0.1009903 -0.0906632 -0.0917213 0.0826243 0.9167627 0.0776801 -0.1002076 -0.0974035 -0.0837772 0.0257506 0.0016625 0.0286056 0.0166174 -0.0869107 -0.0840987 -0.0901249 -0.0633299 -0.0702127 -0.0594019
0.0336136 0.0076389 0.0127682 0.0067772 -0.0047418 -0.0204468 -0.0126244 0.0312261 0.0261370 0.0294668 -0.0143959 0.0010377 -0.0101545 0.0129417 0.0108536 0.0086973 0.0082849 0.0063978 0.0123763 -0.0775162 -0.0724033 -0.0694195 0.0689794 0.0776801 0.8936624 -0.0717985 -0.0773010 -0.0643887 0.0124040 -0.0046872 0.0130456 0.0034622 -0.0657125 -0.0628605 -0.0705079 -0.0519769 -0.0581376 -0.0472774
-0.0787478 -0.0575403 -0.0529609 -0.0375395 -0.0258264 -0.0018893 -0.0110633 -0.0799758 -0.0732044 -0.0728138 -0.0231267 -0.0448908 -0.0289391 -0.0529449 -0.0587270 -0.0492022 -0.0590961 -0.0420823 -0.0443964 0.0941699 0.0759242 0.0802465 -0.0957313 -0.1002076 -0.0717985 0.8993151 0.0902856 0.0798152 -0.0464840 -0.0333816 -0.0537433 -0.0512592 0.0755829 0.0711491 0.0833404 0.0536001 0.0578690 0.0363333
-0.0677691 -0.0568478 -0.0518073 -0.0412244 -0.0266889 0.0082233 -0.0200306 -0.0854142 -0.0735792 -0.0772829 -0.0218128 -0.0483029 -0.0254190 -0.0565297 -0.0575296 -0.0589491 -0.0545330 -0.0439125 -0.0381317 0.0927586 0.0668585 0.0754987 -0.0894301 -0.0974035 -0.0773010 0.0902856 0.8927547 0.0852624 -0.0453508 -0.0272922 -0.0612068 -0.0492281 0.0761163 0.0682722 0.0829434 0.0510791 0.0476317 0.0381065
-0.0598304 -0.0567572 -0.0535141 -0.0369429 -0.0257020 -0.0008848 -0.0161166 -0.0709473 -0.0690375 -0.0681598 -0.0204581 -0.0470677 -0.0231858 -0.0490614 -0.0512627 -0.0487315 -0.0533297 -0.0456034 -0.0400907 0.0801869 0.0608947 0.0654149 -0.0777291 -0.0837772 -0.0643887 0.0798152 0.0852624 0.9009994 -0.0392282 -0.0301975 -0.0494180 -0.0359519 0.0545794 0.0648276 0.0615119 0.0400817 0.0450288 0.0384378
0.0301213 0.0070210 0.0070544 -0.0023373 -0.0125788 -0.0188435 -0.0170324 0.0082611 0.0086314 0.0057000 -0.0115273 -0.0011757 -0.0047156 -0.0010573 -0.0006569 -0.0017209 -0.0012983 0.0003253 0.0022680 -0.0507174 -0.0408843 -0.0453479 0.0238275 0.0257506 0.0124040 -0.0464840 -0.0453508 -0.0392282 0.9268283 0.0014933 0.0080793 -0.0113305 -0.0460872 -0.0392302 -0.0457462 -0.0336545 -0.0379726 -0.0307631
-0.0004224 -0.0036166 -0.0056518 -0.0053711 -0.0157450 -0.0236789 -0.0184132 0.0041474 -0.0011239 -0.0005348 -0.0145058 -0.0084752 -0.0143197 -0.0000623 0.0143556 0.0055617 -0.0115661 -0.0062885 -0.0049469 -0.0397551 -0.0285629 -0.0307765 0.0036754 0.0016625 -0.0046872 -0.0333816 -0.0272922 -0.0301975 0.0014933 0.8666190 0.0093168 0.0066307 -0.0312013 -0.0284736 -0.0319414 -0.0248203 -0.0307965 -0.0243715
0.0145995 0.0041611 0.0090840 -0.0060514 -0.0097984 -0.0185382 -0.0153597 0.0144756 0.0089816 0.0113160 -0.0111489 0.0013523 -0.0047614 0.0125260 0.0150431 0.0112458 0.0050973 -0.0024655 -0.0073546 -0.0570952 -0.0491424 -0.0486181 0.0164443 0.0286056 0.0130456 -0.0537433 -0.0612068 -0.0494180 0.0080793 0.0093168 0.8748270 0.0259432 -0.0539172 -0.0490805 -0.0545733 -0.0409395 -0.0426275 -0.0331089
0.0068739 -0.0014581 0.0040290 -0.0094870 -0.0137476 -0.0235525 -0.0199136 0.0094909 0.0017017 0.0059554 -0.0153720 -0.0031469 -0.0089089 0.0101837 0.0139315 0.0073491 0.0020530 -0.0061899 -0.0012540 -0.0479280 -0.0365388 -0.0428482 0.0060694 0.0166174 0.0034622 -0.0512592 -0.0492281 -0.0359519 -0.0113305 0.0066307 0.0259432 0.8925096 -0.0395203 -0.0430768 -0.0392754 -0.0277976 -0.0379383 -0.0243255
-0.0651702 -0.0515386 -0.0492758 -0.0373884 -0.0281163 -0.0047780 -0.0143818 -0.0709532 -0.0612602 -0.0677730 -0.0093727 -0.0372247 -0.0223060 -0.0421843 -0.0505191 -0.0513554 -0.0465996 -0.0413245 -0.0342874 0.0719619 0.0628008 0.0725271 -0.0870777 -0.0869107 -0.0657125 0.0755829 0.0761163 0.0545794 -0.0460872 -0.0312013 -0.0539172 -0.0395203 0.8969401 0.0619837 0.0742447 0.0412121 0.0555989 0.0369950
-0.0601231 -0.0494919 -0.0479166 -0.0442757 -0.0222155 -0.0001731 -0.0143443 -0.0659226 -0.0595445 -0.0677721 -0.0163187 -0.0408918 -0.0242284 -0.0455738 -0.0462831 -0.0444510 -0.0482696 -0.0440873 -0.0395986 0.0737867 0.0646083 0.0564050 -0.0767205 -0.0840987 -0.0628605 0.0711491 0.0682722 0.0648276 -0.0392302 -0.0284736 -0.0490805 -0.0430768 0.0619837 0.8950517 0.0660769 0.0400291 0.0418374 0.0305319
-0.0659965 -0.0526287 -0.0566785 -0.0411520 -0.0291494 -0.0020911 -0.0161139 -0.0694585 -0.0653844 -0.0633695 -0.0194833 -0.0365048 -0.0228101 -0.0525264 -0.0567850 -0.0557315 -0.0479690 -0.0390555 -0.0412658 0.0814043 0.0725355 0.0775282 -0.0865662 -0.0901249 -0.0705079 0.0833404 0.0829434 0.0615119 -0.0457462 -0.0319414 -0.0545733 -0.0392754 0.0742447 0.0660769 0.9104527 0.0462729 0.0511872 0.0385556
-0.0527658 -0.0436173 -0.0459238 -0.0282447 -0.0260225 -0.0033499 -0.0191796 -0.0527043 -0.0533249 -0.0534322 -0.0170592 -0.0407328 -0.0206744 -0.0433588 -0.0437064 -0.0367593 -0.0343764 -0.0363479 -0.0264868 0.0556813 0.0446051 0.0449927 -0.0642777 -0.0633299 -0.0519769 0.0536001 0.0510791 0.0400817 -0.0336545 -0.0248203 -0.0409395 -0.0277976 0.0412121 0.0400291 0.0462729 0.9014426 0.0319940 0.0269500
-0.0544858 -0.0394631 -0.0440939 -0.0282304 -0.0225351 -0.0020233 -0.0132567 -0.0544855 -0.0488256 -0.0580269 -0.0180112 -0.0359680 -0.0220794 -0.0374128 -0.0425612 -0.0370154 -0.0396635 -0.0347472 -0.0301627 0.0541529 0.0446143 0.0534249 -0.0621989 -0.0702127 -0.0581376 0.0578690 0.0476317 0.0450288 -0.0379726 -0.0307965 -0.0426275 -0.0379383 0.0555989 0.0418374 0.0511872 0.0319940 0.9004925 0.0285434
-0.0466792 -0.0332779 -0.0346231 -0.0288594 -0.0273725 -0.0095140 -0.0114363 -0.0391694 -0.0408518 -0.0485560 -0.0214042 -0.0309404 -0.0210131 -0.0370503 -0.0347569 -0.0337923 -0.0356172 -0.0364702 -0.0245864 0.0433783 0.0279594 0.0304002 -0.0566785 -0.0594019 -0.0472774 0.0363333 0.0381065 0.0384378 -0.0307631 -0.0243715 -0.0331089 -0.0243255 0.0369950 0.0305319 0.0385556 0.0269500 0.0285434 0.8977351
