1.2450649 -0.0187186 -0.0205626 -0.0180073 -0.0149689 -0.0222368 -0.0295600 0.1823041 0.1868161 0.1780815 -0.0042521 -0.0088265 -0.0069130 -0.0934915 -0.0930857 -0.0919503 0.0795620 0.0801888 0.0854005 -0.1507065 -0.1446348 -0.1490530 0.1090538 0.1234904 0.1098669 -0.1501343 -0.1584232 -0.1527517 0.1758215 -0.0566645 -0.0575368 -0.0571587 -0.1494833 -0.1424139 -0.1498069 -0.1344822 -0.1287114 -0.1298038
-0.0187186 1.3558257 0.6077551 0.6538985 -0.0070928 -0.0262425 0.1924563 -0.0631548 -0.0617280 -0.0512908 0.2826006 0.2745839 0.2696271 -0.1250202 -0.1270271 -0.1221021 -0.0835690 -0.0837457 -0.0753219 -0.1802711 -0.1793593 -0.1763333 -0.1207800 -0.1186378 -0.1208489 -0.1830096 -0.1930233 -0.1904821 -0.0382855 -0.0824389 -0.0872852 -0.0856711 -0.1790117 -0.1754654 -0.1740219 -0.1648941 -0.1569371 -0.1601865
-0.0205626 0.6077551 1.3132458 0.6376419 -0.0082274 -0.0260656 0.1713223 -0.0579009 -0.0589948 -0.0513061 0.2648483 0.2609911 0.2630209 -0.1163355 -0.1166215 -0.1124194 -0.0794185 -0.0793235 -0.0684369 -0.1754093 -0.1751650 -0.1762912 -0.1157644 -0.1134887 -0.1156238 -0.1806312 -0.1890853 -0.1885444 -0.0362546 -0.0758214 -0.0793259 -0.0789763 -0.1784860 -0.1751470 -0.1712170 -0.1610510 -0.1538662 -0.1564313
-0.0180073 0.6538985 0.6376419 1.3151029 -0.0050267 -0.0233322 0.1907423 -0.0593939 -0.0587244 -0.0507709 0.2738236 0.2809295 0.2727752 -0.1233674 -0.1258403 -0.1220968 -0.0803708 -0.0810177 -0.0743745 -0.1810102 -0.1794252 -0.1824880 -0.1170848 -0.1143544 -0.1156833 -0.1850208 -0.1948191 -0.1953633 -0.0380499 -0.0834164 -0.0915185 -0.0865726 -0.1802467 -0.1767748 -0.1754519 -0.1623898 -0.1564363 -0.1580119
-0.0149689 -0.0070928 -0.0082274 -0.0050267 0.9898232 0.4177832 0.0928268 -0.0372811 -0.0380667 -0.0351865 0.0157179 0.0143171 0.0135220 -0.1346658 -0.1368727 -0.1343445 -0.0774021 -0.0762140 -0.0637049 -0.0388031 -0.0385547 -0.0339081 -0.0336235 -0.0187950 -0.0319436 -0.0058663 -0.0025012 -0.0013547 0.0263996 -0.0942270 -0.1004105 -0.1009171 -0.0387984 -0.0336187 -0.0332547 -0.0516049 -0.0432603 -0.0489598
-0.0222368 -0.0262425 -0.0260656 -0.0233322 0.4177832 0.9616878 0.1111145 -0.0430900 -0.0435333 -0.0390999 -0.0054883 -0.0080430 -0.0059921 -0.1341700 -0.1366901 -0.1376691 -0.0811437 -0.0785136 -0.0733224 -0.0250886 -0.0180601 -0.0234069 -0.0486302 -0.0347202 -0.0474184 0.0292547 0.0201666 0.0160216 0.0155542 -0.0929565 -0.0982784 -0.0994497 -0.0239085 -0.0136802 -0.0150558 -0.0398231 -0.0285705 -0.0353617
-0.0295600 0.1924563 0.1713223 0.1907423 0.0928268 0.1111145 0.9697273 -0.0581391 -0.0577872 -0.0507474 0.0835852 0.0787762 0.0798958 -0.1246307 -0.1264086 -0.1232559 -0.0838824 -0.0853488 -0.0781334 -0.0599836 -0.0554312 -0.0538015 -0.0853615 -0.0752967 -0.0824478 -0.0237407 -0.0275795 -0.0271058 -0.0178749 -0.0855892 -0.0914336 -0.0883157 -0.0555094 -0.0494382 -0.0504469 -0.0688134 -0.0613875 -0.0664975
0.1823041 -0.0631548 -0.0579009 -0.0593939 -0.0372811 -0.0430900 -0.0581391 1.2957236 0.6564136 0.5342584 -0.0409289 -0.0387665 -0.0351413 -0.1215751 -0.1237901 -0.1200451 0.0049913 0.0038679 0.0154955 -0.1663672 -0.1681813 -0.1679386 0.1155349 0.1177602 0.1182845 -0.1733011 -0.1830221 -0.1816126 0.1324947 -0.0793934 -0.0843489 -0.0814413 -0.1710563 -0.1657161 -0.1662232 -0.1529919 -0.1467021 -0.1465267
0.1868161 -0.0617280 -0.0589948 -0.0587244 -0.0380667 -0.0435333 -0.0577872 0.6564136 1.3024883 0.5986317 -0.0421588 -0.0439164 -0.0398892 -0.1260321 -0.1258913 -0.1210602 0.0089771 0.0079761 0.0198764 -0.1728961 -0.1705336 -0.1724722 0.1086526 0.1164268 0.1154600 -0.1744770 -0.1871381 -0.1866064 0.1389188 -0.0807284 -0.0850727 -0.0861062 -0.1716748 -0.1720626 -0.1715796 -0.1606733 -0.1506893 -0.1539776
0.1780815 -0.0512908 -0.0513061 -0.0507709 -0.0351865 -0.0390999 -0.0507474 0.5342584 0.5986317 1.2069772 -0.0351148 -0.0347124 -0.0339470 -0.1179580 -0.1184492 -0.1132013 0.0138027 0.0117079 0.0263369 -0.1650636 -0.1656493 -0.1658717 0.1154043 0.1216943 0.1166708 -0.1696427 -0.1793220 -0.1773406 0.1377482 -0.0760893 -0.0797705 -0.0782376 -0.1667842 -0.1632292 -0.1650532 -0.1509407 -0.1437774 -0.1453305
-0.0042521 0.2826006 0.2648483 0.2738236 0.0157179 -0.0054883 0.0835852 -0.0409289 -0.0421588 -0.0351148 1.1110301 0.5160442 0.4653780 -0.0975745 -0.0997914 -0.0990622 -0.0608958 -0.0588258 -0.0530756 -0.1652062 -0.1595678 -0.1593966 -0.0968933 -0.0936784 -0.0940375 -0.1648725 -0.1734766 -0.1745791 -0.0178014 -0.0626869 -0.0668940 -0.0666465 -0.1618846 -0.1592949 -0.1579010 -0.1412301 -0.1368957 -0.1397384
-0.0088265 0.2745839 0.2609911 0.2809295 0.0143171 -0.0080430 0.0787762 -0.0387665 -0.0439164 -0.0347124 0.5160442 1.1765331 0.4925017 -0.1005095 -0.1006471 -0.0999127 -0.0636448 -0.0632849 -0.0561558 -0.1665297 -0.1620759 -0.1632825 -0.0995595 -0.0961620 -0.0979249 -0.1718412 -0.1796182 -0.1811348 -0.0219283 -0.0599565 -0.0692489 -0.0686625 -0.1654496 -0.1623162 -0.1594729 -0.1448897 -0.1422431 -0.1420403
-0.0069130 0.2696271 0.2630209 0.2727752 0.0135220 -0.0059921 0.0798958 -0.0351413 -0.0398892 -0.0339470 0.4653780 0.4925017 1.1215487 -0.0957699 -0.0976898 -0.0965820 -0.0617759 -0.0602193 -0.0535025 -0.1613382 -0.1576067 -0.1570241 -0.0973207 -0.0937078 -0.0944000 -0.1645577 -0.1736355 -0.1752319 -0.0202973 -0.0558456 -0.0601546 -0.0635771 -0.1613930 -0.1558569 -0.1561974 -0.1437313 -0.1383058 -0.1382995
-0.0934915 -0.1250202 -0.1163355 -0.1233674 -0.1346658 -0.1341700 -0.1246307 -0.1215751 -0.1260321 -0.1179580 -0.0975745 -0.1005095 -0.0957699 1.3886676 0.8422436 0.8193937 -0.1217528 -0.1225832 -0.1155870 -0.1464049 -0.1393428 -0.1368206 -0.1648622 -0.1620136 -0.1644836 -0.1483452 -0.1526057 -0.1526525 -0.1044956 0.3629176 0.3612372 0.3651653 -0.1358509 -0.1411115 -0.1372126 -0.1253219 -0.1191088 -0.1210171
-0.0930857 -0.1270271 -0.1166215 -0.1258403 -0.1368727 -0.1366901 -0.1264086 -0.1237901 -0.1258913 -0.1184492 -0.0997914 -0.1006471 -0.0976898 0.8422436 1.4216360 0.8402305 -0.1221656 -0.1233869 -0.1154473 -0.1468640 -0.1421192 -0.1399525 -0.1665239 -0.1625793 -0.1659317 -0.1502604 -0.1557307 -0.1551813 -0.1035108 0.3603169 0.3631963 0.3643983 -0.1390397 -0.1443502 -0.1423679 -0.1289108 -0.1211144 -0.1212251
-0.0919503 -0.1221021 -0.1124194 -0.1220968 -0.1343445 -0.1376691 -0.1232559 -0.1200451 -0.1210602 -0.1132013 -0.0990622 -0.0999127 -0.0965820 0.8193937 0.8402305 1.3851112 -0.1215675 -0.1231665 -0.1135603 -0.1452722 -0.1412659 -0.1375020 -0.1670692 -0.1614547 -0.1665277 -0.1498540 -0.1539545 -0.1571381 -0.1039606 0.3608930 0.3658523 0.3626886 -0.1370319 -0.1427642 -0.1387296 -0.1249162 -0.1211282 -0.1193918
0.0795620 -0.0835690 -0.0794185 -0.0803708 -0.0774021 -0.0811437 -0.0838824 0.0049913 0.0089771 0.0138027 -0.0608958 -0.0636448 -0.0617759 -0.1217528 -0.1221656 -0.1215675 1.4958282 1.1411325 0.8708130 -0.1935626 -0.1926207 -0.1942332 0.0039207 0.0057967 0.0031859 -0.1946240 -0.2066072 -0.2067571 0.0701844 -0.0788893 -0.0906614 -0.0890821 -0.1924769 -0.1895730 -0.1936780 -0.1819921 -0.1726676 -0.1731325
0.0801888 -0.0837457 -0.0793235 -0.0810177 -0.0762140 -0.0785136 -0.0853488 0.0038679 0.0079761 0.0117079 -0.0588258 -0.0632849 -0.0602193 -0.1225832 -0.1233869 -0.1231665 1.1411325 1.4927958 0.8701775 -0.1936169 -0.1930042 -0.1929234 0.0058110 0.0068380 0.0033840 -0.1972218 -0.2074274 -0.2068483 0.0734709 -0.0814137 -0.0907622 -0.0898734 -0.1907122 -0.1890036 -0.1937466 -0.1823993 -0.1698820 -0.1718230
0.0854005 -0.0753219 -0.0684369 -0.0743745 -0.0637049 -0.0733224 -0.0781334 0.0154955 0.0198764 0.0263369 -0.0530756 -0.0561558 -0.0535025 -0.1155870 -0.1154473 -0.1135603 0.8708130 0.8701775 1.4474154 -0.1875716 -0.1861741 -0.1856508 0.0207869 0.0213881 0.0180410 -0.1877124 -0.1965461 -0.1967107 0.0838477 -0.0742908 -0.0830155 -0.0809936 -0.1844858 -0.1819188 -0.1852639 -0.1744340 -0.1625147 -0.1626376
-0.1507065 -0.1802711 -0.1754093 -0.1810102 -0.0388031 -0.0250886 -0.0599836 -0.1663672 -0.1728961 -0.1650636 -0.1652062 -0.1665297 -0.1613382 -0.1464049 -0.1468640 -0.1452722 -0.1935626 -0.1936169 -0.1875716 1.1812403 0.4388120 0.3688863 -0.2185134 -0.2150966 -0.2171181 0.2309291 0.2346486 0.2303139 -0.1438470 -0.1071304 -0.1075393 -0.1099631 0.2381338 0.2345969 0.2395342 0.1665987 0.1781693 0.1781313
-0.1446348 -0.1793593 -0.1751650 -0.1794252 -0.0385547 -0.0180601 -0.0554312 -0.1681813 -0.1705336 -0.1656493 -0.1595678 -0.1620759 -0.1576067 -0.1393428 -0.1421192 -0.1412659 -0.1926207 -0.1930042 -0.1861741 0.4388120 1.0822675 0.3985260 -0.2167083 -0.2118099 -0.2142472 0.2356560 0.2258824 0.2238083 -0.1417415 -0.1006583 -0.1000939 -0.1037071 0.2320825 0.2324533 0.2416731 0.1660543 0.1751388 0.1804191
-0.1490530 -0.1763333 -0.1762912 -0.1824880 -0.0339081 -0.0234069 -0.0538015 -0.1679386 -0.1724722 -0.1658717 -0.1593966 -0.1632825 -0.1570241 -0.1368206 -0.1399525 -0.1375020 -0.1942332 -0.1929234 -0.1856508 0.3688863 0.3985260 1.0637380 -0.2165117 -0.2103103 -0.2143232 0.2373863 0.2396840 0.2437408 -0.1417271 -0.0986766 -0.0973785 -0.1004699 0.2471131 0.2445627 0.2391771 0.1690461 0.1850120 0.1835357
0.1090538 -0.1207800 -0.1157644 -0.1170848 -0.0336235 -0.0486302 -0.0853615 0.1155349 0.1086526 0.1154043 -0.0968933 -0.0995595 -0.0973207 -0.1648622 -0.1665239 -0.1670692 0.0039207 0.0058110 0.0207869 -0.2185134 -0.2167083 -0.2165117 1.6886740 1.2214954 1.2395680 -0.2159124 -0.2304393 -0.2301068 0.2435011 -0.1269859 -0.1331851 -0.1307243 -0.2198029 -0.2162954 -0.2174190 -0.2079055 -0.2011882 -0.2042529
0.1234904 -0.1186378 -0.1134887 -0.1143544 -0.0187950 -0.0347202 -0.0752967 0.1177602 0.1164268 0.1216943 -0.0936784 -0.0961620 -0.0937078 -0.1620136 -0.1625793 -0.1614547 0.0057967 0.0068380 0.0213881 -0.2150966 -0.2118099 -0.2103103 1.2214954 1.6533408 1.2154059 -0.2105800 -0.2230630 -0.2227528 0.2596895 -0.1235233 -0.1271726 -0.1270296 -0.2140362 -0.2110284 -0.2130329 -0.2039661 -0.1962592 -0.2006436
0.1098669 -0.1208489 -0.1156238 -0.1156833 -0.0319436 -0.0474184 -0.0824478 0.1182845 0.1154600 0.1166708 -0.0940375 -0.0979249 -0.0944000 -0.1644836 -0.1659317 -0.1665277 0.0031859 0.0033840 0.0180410 -0.2171181 -0.2142472 -0.2143232 1.2395680 1.2154059 1.6428726 -0.2149447 -0.2267913 -0.2276509 0.2391333 -0.1263297 -0.1322137 -0.1301893 -0.2156557 -0.2128709 -0.2168646 -0.2056241 -0.1972733 -0.2030150
-0.1501343 -0.1830096 -0.1806312 -0.1850208 -0.0058663 0.0292547 -0.0237407 -0.1733011 -0.1744770 -0.1696427 -0.1648725 -0.1718412 -0.1645577 -0.1483452 -0.1502604 -0.1498540 -0.1946240 -0.1972218 -0.1877124 0.2309291 0.2356560 0.2373863 -0.2159124 -0.2105800 -0.2149447 1.1071908 0.4097421 0.4211502 -0.1465078 -0.1085346 -0.1121351 -0.1115619 0.2327908 0.2332101 0.2335597 0.1652681 0.1671981 0.1660965
-0.1584232 -0.1930233 -0.1890853 -0.1948191 -0.0025012 0.0201666 -0.0275795 -0.1830221 -0.1871381 -0.1793220 -0.1734766 -0.1796182 -0.1736355 -0.1526057 -0.1557307 -0.1539545 -0.2066072 -0.2074274 -0.1965461 0.2346486 0.2258824 0.2396840 -0.2304393 -0.2230630 -0.2267913 0.4097421 1.1170974 0.6556685 -0.1554079 -0.1156973 -0.1171547 -0.1171797 0.2421851 0.2245196 0.2386888 0.1506911 0.1595092 0.1542457
-0.1527517 -0.1904821 -0.1885444 -0.1953633 -0.0013547 0.0160216 -0.0271058 -0.1816126 -0.1866064 -0.1773406 -0.1745791 -0.1811348 -0.1752319 -0.1526525 -0.1551813 -0.1571381 -0.2067571 -0.2068483 -0.1967107 0.2303139 0.2238083 0.2437408 -0.2301068 -0.2227528 -0.2276509 0.4211502 0.6556685 1.1145462 -0.1468297 -0.1175424 -0.1183400 -0.1195250 0.2427749 0.2291603 0.2314913 0.1535011 0.1511102 0.1537437
0.1758215 -0.0382855 -0.0362546 -0.0380499 0.0263996 0.0155542 -0.0178749 0.1324947 0.1389188 0.1377482 -0.0178014 -0.0219283 -0.0202973 -0.1044956 -0.1035108 -0.1039606 0.0701844 0.0734709 0.0838477 -0.1438470 -0.1417415 -0.1417271 0.2435011 0.2596895 0.2391333 -0.1465078 -0.1554079 -0.1468297 1.0257947 -0.0679707 -0.0709550 -0.0731176 -0.1454400 -0.1404350 -0.1413307 -0.1276573 -0.1231869 -0.1253809
-0.0566645 -0.0824389 -0.0758214 -0.0834164 -0.0942270 -0.0929565 -0.0855892 -0.0793934 -0.0807284 -0.0760893 -0.0626869 -0.0599565 -0.0558456 0.3629176 0.3603169 0.3608930 -0.0788893 -0.0814137 -0.0742908 -0.1071304 -0.1006583 -0.0986766 -0.1269859 -0.1235233 -0.1263297 -0.1085346 -0.1156973 -0.1175424 -0.0679707 1.0583516 0.3684375 0.3626142 -0.0996464 -0.1026360 -0.1038741 -0.0898543 -0.0818758 -0.0806739
-0.0575368 -0.0872852 -0.0793259 -0.0915185 -0.1004105 -0.0982784 -0.0914336 -0.0843489 -0.0850727 -0.0797705 -0.0668940 -0.0692489 -0.0601546 0.3612372 0.3631963 0.3658523 -0.0906614 -0.0907622 -0.0830155 -0.1075393 -0.1000939 -0.0973785 -0.1331851 -0.1271726 -0.1322137 -0.1121351 -0.1171547 -0.1183400 -0.0709550 0.3684375 1.0698307 0.4648490 -0.0987149 -0.1038712 -0.1018677 -0.0910572 -0.0845598 -0.0803415
-0.0571587 -0.0856711 -0.0789763 -0.0865726 -0.1009171 -0.0994497 -0.0883157 -0.0814413 -0.0861062 -0.0782376 -0.0666465 -0.0686625 -0.0635771 0.3651653 0.3643983 0.3626886 -0.0890821 -0.0898734 -0.0809936 -0.1099631 -0.1037071 -0.1004699 -0.1307243 -0.1270296 -0.1301893 -0.1115619 -0.1171797 -0.1195250 -0.0731176 0.3626142 0.4648490 1.0642370 -0.0981902 -0.1025354 -0.1037547 -0.0896299 -0.0832843 -0.0804307
-0.1494833 -0.1790117 -0.1784860 -0.1802467 -0.0387984 -0.0239085 -0.0555094 -0.1710563 -0.1716748 -0.1667842 -0.1618846 -0.1654496 -0.1613930 -0.1358509 -0.1390397 -0.1370319 -0.1924769 -0.1907122 -0.1844858 0.2381338 0.2320825 0.2471131 -0.2198029 -0.2140362 -0.2156557 0.2327908 0.2421851 0.2427749 -0.1454400 -0.0996464 -0.0987149 -0.0981902 1.1019279 0.3891948 0.3527325 0.1881211 0.1864006 0.1923210
-0.1424139 -0.1754654 -0.1751470 -0.1767748 -0.0336187 -0.0136802 -0.0494382 -0.1657161 -0.1720626 -0.1632292 -0.1592949 -0.1623162 -0.1558569 -0.1411115 -0.1443502 -0.1427642 -0.1895730 -0.1890036 -0.1819188 0.2345969 0.2324533 0.2445627 -0.2162954 -0.2110284 -0.2128709 0.2332101 0.2245196 0.2291603 -0.1404350 -0.1026360 -0.1038712 -0.1025354 0.3891948 1.1059455 0.3635859 0.1760853 0.1782443 0.1850356
-0.1498069 -0.1740219 -0.1712170 -0.1754519 -0.0332547 -0.0150558 -0.0504469 -0.1662232 -0.1715796 -0.1650532 -0.1579010 -0.1594729 -0.1561974 -0.1372126 -0.1423679 -0.1387296 -0.1936780 -0.1937466 -0.1852639 0.2395342 0.2416731 0.2391771 -0.2174190 -0.2130329 -0.2168646 0.2335597 0.2386888 0.2314913 -0.1413307 -0.1038741 -0.1018677 -0.1037547 0.3527325 0.3635859 1.0988679 0.1857273 0.1947961 0.1898068
-0.1344822 -0.1648941 -0.1610510 -0.1623898 -0.0516049 -0.0398231 -0.0688134 -0.1529919 -0.1606733 -0.1509407 -0.1412301 -0.1448897 -0.1437313 -0.1253219 -0.1289108 -0.1249162 -0.1819921 -0.1823993 -0.1744340 0.1665987 0.1660543 0.1690461 -0.2079055 -0.2039661 -0.2056241 0.1652681 0.1506911 0.1535011 -0.1276573 -0.0898543 -0.0910572 -0.0896299 0.1881211 0.1760853 0.1857273 1.3023252 0.3744964 0.3946852
-0.1287114 -0.1569371 -0.1538662 -0.1564363 -0.0432603 -0.0285705 -0.0613875 -0.1467021 -0.1506893 -0.1437774 -0.1368957 -0.1422431 -0.1383058 -0.1191088 -0.1211144 -0.1211282 -0.1726676 -0.1698820 -0.1625147 0.1781693 0.1751388 0.1850120 -0.2011882 -0.1962592 -0.1972733 0.1671981 0.1595092 0.1511102 -0.1231869 -0.0818758 -0.0845598 -0.0832843 0.1864006 0.1782443 0.1947961 0.3744964 1.0848870 0.3639528
-0.1298038 -0.1601865 -0.1564313 -0.1580119 -0.0489598 -0.0353617 -0.0664975 -0.1465267 -0.1539776 -0.1453305 -0.1397384 -0.1420403 -0.1382995 -0.1210171 -0.1212251 -0.1193918 -0.1731325 -0.1718230 -0.1626376 0.1781313 0.1804191 0.1835357 -0.2042529 -0.2006436 -0.2030150 0.1660965 0.1542457 0.1537437 -0.1253809 -0.0806739 -0.0803415 -0.0804307 0.1923210 0.1850356 0.1898068 0.3946852 0.3639528 1.0981489
