1.0702944 0.0323667 0.0362783 0.0449171 0.0444400 0.0318511 0.0468343 0.0502417 0.0673758 -0.1202373 0.0528195 0.0498745 0.0278750 0.0455585 0.0458014 -0.1255614 -0.0755259 0.0403435 -0.0891415 -0.1214101 -0.0993148 -0.0999033 -0.1020628 -0.0950447 0.0442052 0.0421334 0.0388398 0.0382985 -0.1020056 0.0429262 0.0419758 0.0466182 0.0419668 0.0354581 -0.1238905 -0.1137898 -0.1289669 -0.1052674 -0.1175501 0.0534498 0.0082082 0.0399537 0.0329376 0.0531076 0.0518218 0.0536916
0.0323667 1.0994216 0.0727683 0.0531813 0.0407021 0.0310329 0.0843545 0.0559825 0.0467507 -0.1667265 0.1043520 0.0888512 0.0592869 0.0975107 0.0576826 -0.1692706 -0.1143351 0.0525830 -0.1371109 -0.1689139 -0.1455487 -0.1450280 -0.1428709 -0.1353711 0.0727410 0.0719601 0.0683501 0.0614611 -0.1522994 0.0770918 0.0838500 0.0949695 0.0839089 0.0689208 -0.1718389 -0.1591572 -0.1707029 -0.1562439 -0.1654237 0.0774967 0.0134809 0.0656405 0.0385898 0.0730356 0.0652367 0.0755317
0.0362783 0.0727683 1.1050549 0.0532383 0.0445484 0.0327192 0.1197720 0.0605886 0.0515135 -0.1812898 0.0942470 0.1149490 0.0643393 0.0945684 0.0634522 -0.1833447 -0.1244401 0.0589939 -0.1500983 -0.1839005 -0.1592264 -0.1579138 -0.1572082 -0.1543663 0.0912339 0.0851502 0.0737635 0.0678229 -0.1619072 0.0869264 0.0868731 0.0915598 0.0853525 0.0749745 -0.1927587 -0.1786137 -0.1850303 -0.1700872 -0.1817497 0.0887139 0.0214368 0.0704096 0.0453054 0.0870948 0.0742097 0.0832912
0.0449171 0.0531813 0.0532383 1.1070062 0.0466087 0.0415516 0.0663733 0.0729771 0.0584215 -0.1567653 0.0767087 0.0740732 0.0460484 0.0707739 0.0688403 -0.1596717 -0.1008770 0.0714571 -0.1248533 -0.1579497 -0.1313220 -0.1352328 -0.1296043 -0.1328311 0.0660249 0.0619531 0.0574849 0.0482372 -0.1395256 0.0645196 0.0674434 0.0651438 0.0651750 0.0582847 -0.1650110 -0.1489521 -0.1641521 -0.1441961 -0.1551931 0.0740666 0.0140669 0.0672876 0.0373411 0.0717842 0.0632813 0.0742082
0.0444400 0.0407021 0.0445484 0.0466087 1.0671974 0.0382039 0.0560137 0.0606961 0.0545970 -0.1311014 0.0634483 0.0655204 0.0331826 0.0531652 0.0645055 -0.1345258 -0.0864248 0.0575576 -0.1053105 -0.1382479 -0.1118202 -0.1147391 -0.1088452 -0.1096652 0.0511600 0.0501368 0.0458719 0.0395604 -0.1155078 0.0536942 0.0568803 0.0562486 0.0502767 0.0532745 -0.1416212 -0.1208615 -0.1369545 -0.1185275 -0.1317486 0.0561957 0.0110457 0.0450467 0.0254178 0.0532355 0.0510968 0.0567830
0.0318511 0.0310329 0.0327192 0.0415516 0.0382039 1.0660484 0.0404688 0.0419170 0.0464618 -0.1047484 0.0481497 0.0477670 0.0265552 0.0425274 0.0405807 -0.1068418 -0.0677198 0.0443247 -0.0793078 -0.1064289 -0.0896672 -0.0933971 -0.0891724 -0.0859871 0.0355172 0.0397879 0.0326005 0.0273667 -0.0901492 0.0397761 0.0423642 0.0383524 0.0372908 0.0339738 -0.1082962 -0.1010125 -0.1108304 -0.0978990 -0.1041031 0.0381971 0.0077844 0.0381815 0.0209067 0.0384383 0.0392752 0.0438160
0.0468343 0.0843545 0.1197720 0.0663733 0.0560137 0.0404688 1.1302236 0.0697948 0.0623244 -0.2133912 0.1552107 0.1612731 0.0756847 0.1098184 0.0761526 -0.2163059 -0.1483806 0.0720089 -0.1722605 -0.2119327 -0.1826227 -0.1859555 -0.1884490 -0.1799045 0.1045543 0.1028921 0.0898966 0.0773275 -0.1944108 0.1023789 0.1035604 0.1086574 0.0982891 0.0876950 -0.2208914 -0.2075002 -0.2267880 -0.1991833 -0.2126979 0.1045733 0.0216799 0.0851860 0.0533127 0.0990356 0.0898882 0.0971948
0.0502417 0.0559825 0.0605886 0.0729771 0.0606961 0.0419170 0.0697948 1.0988983 0.0625328 -0.1688247 0.0818222 0.0866640 0.0476106 0.0718369 0.1126751 -0.1683570 -0.1126594 0.0843006 -0.1352935 -0.1688587 -0.1407263 -0.1454101 -0.1441288 -0.1416284 0.0671477 0.0657393 0.0606711 0.0541592 -0.1483397 0.0678561 0.0655265 0.0715199 0.0764191 0.0601317 -0.1765542 -0.1608238 -0.1715021 -0.1582787 -0.1645303 0.0734213 0.0132201 0.0622143 0.0380402 0.0741849 0.0680205 0.0704053
0.0673758 0.0467507 0.0515135 0.0584215 0.0545970 0.0464618 0.0623244 0.0625328 1.0837510 -0.1493072 0.0655740 0.0706292 0.0383240 0.0585334 0.0656793 -0.1516497 -0.0958622 0.0691521 -0.1139064 -0.1480249 -0.1255638 -0.1265257 -0.1238845 -0.1220338 0.0565190 0.0553449 0.0547225 0.0419398 -0.1294287 0.0597138 0.0627607 0.0590180 0.0551224 0.0464934 -0.1548476 -0.1442153 -0.1532002 -0.1343119 -0.1414807 0.0674666 0.0178735 0.0580678 0.0358332 0.0661636 0.0614547 0.0635788
-0.1202373 -0.1667265 -0.1812898 -0.1567653 -0.1311014 -0.1047484 -0.2133912 -0.1688247 -0.1493072 1.0295805 -0.2297196 -0.2345101 -0.1445837 -0.2146289 -0.1762289 0.3968389 0.2492666 -0.1663126 0.2840857 0.3898604 0.3096978 0.3141366 0.3128950 0.3055358 -0.1986217 -0.1947164 -0.1790234 -0.1605691 0.3609952 -0.2159199 -0.2105307 -0.2190719 -0.2072517 -0.1796855 0.4231502 0.3566586 0.4108191 0.3391565 0.3725005 -0.2279985 -0.0829501 -0.1985274 -0.1394908 -0.2243613 -0.2088462 -0.2259782
0.0528195 0.1043520 0.0942470 0.0767087 0.0634483 0.0481497 0.1552107 0.0818222 0.0655740 -0.2297196 1.1776187 0.1761631 0.0806240 0.1288772 0.0826877 -0.2357309 -0.1566951 0.0756725 -0.1900403 -0.2356150 -0.2007569 -0.2039819 -0.2025507 -0.1952970 0.1018348 0.1052010 0.0963311 0.0788907 -0.2106279 0.1184834 0.1157184 0.1257604 0.1154489 0.0957445 -0.2400814 -0.2263806 -0.2429129 -0.2165789 -0.2271298 0.1115973 0.0221717 0.0990764 0.0615843 0.1144065 0.1015625 0.1129252
0.0498745 0.0888512 0.1149490 0.0740732 0.0655204 0.0477670 0.1612731 0.0866640 0.0706292 -0.2345101 0.1761631 1.1887207 0.0796529 0.1233855 0.0868149 -0.2370987 -0.1627859 0.0801952 -0.1929630 -0.2365772 -0.2040701 -0.2053187 -0.2068854 -0.1982271 0.1097260 0.1091192 0.0924319 0.0836625 -0.2130442 0.1157145 0.1157111 0.1222131 0.1123778 0.0866793 -0.2460655 -0.2291770 -0.2416571 -0.2172498 -0.2330898 0.1228523 0.0327518 0.0997554 0.0597333 0.1145372 0.1029211 0.1107115
0.0278750 0.0592869 0.0643393 0.0460484 0.0331826 0.0265552 0.0756847 0.0476106 0.0383240 -0.1445837 0.0806240 0.0796529 1.0856768 0.0702773 0.0515222 -0.1493622 -0.0977060 0.0456597 -0.1156782 -0.1478321 -0.1252608 -0.1231910 -0.1237256 -0.1164039 0.0662747 0.0651879 0.0627929 0.0562484 -0.1292819 0.0634689 0.0649622 0.0681424 0.0648022 0.0527215 -0.1509258 -0.1371754 -0.1494916 -0.1322201 -0.1415931 0.0639602 0.0167275 0.0517510 0.0293345 0.0597448 0.0586214 0.0660688
0.0455585 0.0975107 0.0945684 0.0707739 0.0531652 0.0425274 0.1098184 0.0718369 0.0585334 -0.2146289 0.1288772 0.1233855 0.0702773 1.1570617 0.0759140 -0.2127411 -0.1447621 0.0714612 -0.1745532 -0.2131923 -0.1827221 -0.1897159 -0.1792683 -0.1721729 0.0974729 0.0917558 0.0859295 0.0786753 -0.1946668 0.1189202 0.1199662 0.1357134 0.1156953 0.0913549 -0.2213737 -0.2068302 -0.2193053 -0.1983876 -0.2079482 0.0983519 0.0237993 0.0838685 0.0500743 0.0970837 0.0896715 0.1022989
0.0458014 0.0576826 0.0634522 0.0688403 0.0645055 0.0405807 0.0761526 0.1126751 0.0656793 -0.1762289 0.0826877 0.0868149 0.0515222 0.0759140 1.0996082 -0.1768315 -0.1177899 0.0869379 -0.1421045 -0.1781107 -0.1498813 -0.1517863 -0.1448274 -0.1433966 0.0691953 0.0727726 0.0655923 0.0548309 -0.1480386 0.0737657 0.0715843 0.0777659 0.0746314 0.0638144 -0.1829954 -0.1675795 -0.1838683 -0.1662329 -0.1743792 0.0811442 0.0153733 0.0706343 0.0377964 0.0793463 0.0767653 0.0776720
-0.1255614 -0.1692706 -0.1833447 -0.1596717 -0.1345258 -0.1068418 -0.2163059 -0.1683570 -0.1516497 0.3968389 -0.2357309 -0.2370987 -0.1493622 -0.2127411 -0.1768315 1.0196964 0.2426266 -0.1648535 0.2857631 0.4093475 0.3136679 0.3215327 0.3114550 0.3055104 -0.1989513 -0.1982277 -0.1855176 -0.1577611 0.3358445 -0.2120520 -0.2148624 -0.2198787 -0.2100534 -0.1768164 0.4441248 0.3660968 0.4264473 0.3477052 0.3749056 -0.2288619 -0.0813828 -0.2022872 -0.1386750 -0.2305678 -0.2119861 -0.2263310
-0.0755259 -0.1143351 -0.1244401 -0.1008770 -0.0864248 -0.0677198 -0.1483806 -0.1126594 -0.0958622 0.2492666 -0.1566951 -0.1627859 -0.0977060 -0.1447621 -0.1177899 0.2426266 0.9716457 -0.1072712 0.1880573 0.2419025 0.2181052 0.2071920 0.2174898 0.2086695 -0.1334389 -0.1301991 -0.1214510 -0.1058500 0.2221732 -0.1433971 -0.1432877 -0.1505659 -0.1418027 -0.1205178 0.2492443 0.2326351 0.2483262 0.2245883 0.2425673 -0.1580673 -0.0473834 -0.1357571 -0.0897233 -0.1603681 -0.1430691 -0.1538809
0.0403435 0.0525830 0.0589939 0.0714571 0.0575576 0.0443247 0.0720089 0.0843006 0.0691521 -0.1663126 0.0756725 0.0801952 0.0456597 0.0714612 0.0869379 -0.1648535 -0.1072712 1.0980247 -0.1330899 -0.1669067 -0.1395552 -0.1453303 -0.1372892 -0.1356995 0.0659530 0.0719392 0.0579731 0.0494461 -0.1461024 0.0708238 0.0720678 0.0736617 0.0688069 0.0549796 -0.1733224 -0.1599694 -0.1700778 -0.1525140 -0.1626041 0.0748894 0.0152609 0.0634574 0.0383505 0.0743533 0.0724002 0.0742471
-0.0891415 -0.1371109 -0.1500983 -0.1248533 -0.1053105 -0.0793078 -0.1722605 -0.1352935 -0.1139064 0.2840857 -0.1900403 -0.1929630 -0.1156782 -0.1745532 -0.1421045 0.2857631 0.1880573 -0.1330899 0.9727935 0.2965438 0.2582097 0.2849216 0.2627192 0.2520212 -0.1610657 -0.1560243 -0.1473036 -0.1292579 0.2596313 -0.1727785 -0.1727130 -0.1760946 -0.1711610 -0.1464855 0.2932589 0.2943369 0.2979130 0.2878942 0.2970152 -0.1841908 -0.0611183 -0.1651547 -0.1041608 -0.1803606 -0.1651234 -0.1806093
-0.1214101 -0.1689139 -0.1839005 -0.1579497 -0.1382479 -0.1064289 -0.2119327 -0.1688587 -0.1480249 0.3898604 -0.2356150 -0.2365772 -0.1478321 -0.2131923 -0.1781107 0.4093475 0.2419025 -0.1669067 0.2965438 1.0240723 0.3109839 0.3222156 0.3035964 0.3021510 -0.1953942 -0.1967079 -0.1826416 -0.1619282 0.3342600 -0.2145745 -0.2124052 -0.2206137 -0.2064807 -0.1796677 0.4193248 0.3689800 0.4110976 0.3513502 0.3858129 -0.2286499 -0.0775125 -0.1984602 -0.1342252 -0.2271291 -0.2136240 -0.2264107
-0.0993148 -0.1455487 -0.1592264 -0.1313220 -0.1118202 -0.0896672 -0.1826227 -0.1407263 -0.1255638 0.3096978 -0.2007569 -0.2040701 -0.1252608 -0.1827221 -0.1498813 0.3136679 0.2181052 -0.1395552 0.2582097 0.3109839 0.9763998 0.2785778 0.2841247 0.2830109 -0.1694361 -0.1643029 -0.1492232 -0.1341690 0.2785879 -0.1839049 -0.1763565 -0.1862037 -0.1772919 -0.1476706 0.3181280 0.3020379 0.3187997 0.2988444 0.3083355 -0.1921630 -0.0687132 -0.1688066 -0.1116136 -0.1940927 -0.1766037 -0.1904090
-0.0999033 -0.1450280 -0.1579138 -0.1352328 -0.1147391 -0.0933971 -0.1859555 -0.1454101 -0.1265257 0.3141366 -0.2039819 -0.2053187 -0.1231910 -0.1897159 -0.1517863 0.3215327 0.2071920 -0.1453303 0.2849216 0.3222156 0.2785778 0.9918237 0.2856594 0.2614972 -0.1705527 -0.1661829 -0.1561441 -0.1405617 0.2906829 -0.1905792 -0.1864745 -0.1936194 -0.1840212 -0.1572060 0.3298942 0.3112418 0.3281193 0.3162031 0.3127801 -0.1939861 -0.0627394 -0.1727716 -0.1182415 -0.1951572 -0.1801654 -0.1957167
-0.1020628 -0.1428709 -0.1572082 -0.1296043 -0.1088452 -0.0891724 -0.1884490 -0.1441288 -0.1238845 0.3128950 -0.2025507 -0.2068854 -0.1237256 -0.1792683 -0.1448274 0.3114550 0.2174898 -0.1372892 0.2627192 0.3035964 0.2841247 0.2856594 0.9867306 0.2688828 -0.1710422 -0.1663767 -0.1555715 -0.1361966 0.2955389 -0.1803485 -0.1808059 -0.1826706 -0.1785944 -0.1508017 0.3171673 0.3077175 0.3201334 0.2896679 0.3022135 -0.1928190 -0.0660347 -0.1695869 -0.1142732 -0.1954677 -0.1760548 -0.1916916
-0.0950447 -0.1353711 -0.1543663 -0.1328311 -0.1096652 -0.0859871 -0.1799045 -0.1416284 -0.1220338 0.3055358 -0.1952970 -0.1982271 -0.1164039 -0.1721729 -0.1433966 0.3055104 0.2086695 -0.1356995 0.2520212 0.3021510 0.2830109 0.2614972 0.2688828 0.9779770 -0.1598734 -0.1553279 -0.1513884 -0.1326472 0.2625991 -0.1790970 -0.1750760 -0.1783627 -0.1704107 -0.1473654 0.3100517 0.2935274 0.3176582 0.2830413 0.3061872 -0.1892623 -0.0622351 -0.1665106 -0.1098616 -0.1890702 -0.1728914 -0.1851042
0.0442052 0.0727410 0.0912339 0.0660249 0.0511600 0.0355172 0.1045543 0.0671477 0.0565190 -0.1986217 0.1018348 0.1097260 0.0662747 0.0974729 0.0691953 -0.1989513 -0.1334389 0.0659530 -0.1610657 -0.1953942 -0.1694361 -0.1705527 -0.1710422 -0.1598734 1.1237611 0.1241192 0.0936422 0.0737483 -0.1799236 0.0942878 0.0929504 0.0936270 0.0886649 0.0762715 -0.2021861 -0.1922177 -0.2074618 -0.1819374 -0.1927499 0.1008619 0.0236595 0.0831029 0.0568208 0.0981677 0.0894069 0.0943867
0.0421334 0.0719601 0.0851502 0.0619531 0.0501368 0.0397879 0.1028921 0.0657393 0.0553449 -0.1947164 0.1052010 0.1091192 0.0651879 0.0917558 0.0727726 -0.1982277 -0.1301991 0.0719392 -0.1560243 -0.1967079 -0.1643029 -0.1661829 -0.1663767 -0.1553279 0.1241192 1.1169096 0.0845526 0.0796942 -0.1761623 0.0929057 0.0889181 0.0930650 0.0854209 0.0809453 -0.2029209 -0.1900297 -0.2021697 -0.1800383 -0.1934664 0.0939068 0.0218773 0.0813387 0.0523699 0.0959062 0.0842831 0.0948756
0.0388398 0.0683501 0.0737635 0.0574849 0.0458719 0.0326005 0.0898966 0.0606711 0.0547225 -0.1790234 0.0963311 0.0924319 0.0627929 0.0859295 0.0655923 -0.1855176 -0.1214510 0.0579731 -0.1473036 -0.1826416 -0.1492232 -0.1561441 -0.1555715 -0.1513884 0.0936422 0.0845526 1.1143076 0.0686323 -0.1603139 0.0845877 0.0853616 0.0865812 0.0834093 0.0699677 -0.1882139 -0.1723952 -0.1874462 -0.1657047 -0.1778174 0.0823417 0.0196659 0.0766570 0.0504903 0.0881843 0.0786941 0.0828662
0.0382985 0.0614611 0.0678229 0.0482372 0.0395604 0.0273667 0.0773275 0.0541592 0.0419398 -0.1605691 0.0788907 0.0836625 0.0562484 0.0786753 0.0548309 -0.1577611 -0.1058500 0.0494461 -0.1292579 -0.1619282 -0.1341690 -0.1405617 -0.1361966 -0.1326472 0.0737483 0.0796942 0.0686323 1.0887902 -0.1412991 0.0760469 0.0733157 0.0731275 0.0720185 0.0688318 -0.1639670 -0.1515132 -0.1658961 -0.1487401 -0.1576406 0.0736088 0.0159499 0.0639153 0.0389654 0.0738596 0.0619771 0.0731558
-0.1020056 -0.1522994 -0.1619072 -0.1395256 -0.1155078 -0.0901492 -0.1944108 -0.1483397 -0.1294287 0.3609952 -0.2106279 -0.2130442 -0.1292819 -0.1946668 -0.1480386 0.3358445 0.2221732 -0.1461024 0.2596313 0.3342600 0.2785879 0.2906829 0.2955389 0.2625991 -0.1799236 -0.1761623 -0.1603139 -0.1412991 0.9920359 -0.1942567 -0.1872436 -0.1977877 -0.1869608 -0.1619397 0.3514527 0.3136458 0.3412518 0.3083792 0.3205188 -0.1981249 -0.0707395 -0.1782881 -0.1215750 -0.2019204 -0.1841621 -0.1979893
0.0429262 0.0770918 0.0869264 0.0645196 0.0536942 0.0397761 0.1023789 0.0678561 0.0597138 -0.2159199 0.1184834 0.1157145 0.0634689 0.1189202 0.0737657 -0.2120520 -0.1433971 0.0708238 -0.1727785 -0.2145745 -0.1839049 -0.1905792 -0.1803485 -0.1790970 0.0942878 0.0929057 0.0845877 0.0760469 -0.1942567 1.1394454 0.1311118 0.1519351 0.1342785 0.0937542 -0.2217672 -0.2060678 -0.2179945 -0.1980691 -0.2079919 0.1052959 0.0232536 0.0910845 0.0523087 0.0996591 0.0907647 0.1109593
0.0419758 0.0838500 0.0868731 0.0674434 0.0568803 0.0423642 0.1035604 0.0655265 0.0627607 -0.2105307 0.1157184 0.1157111 0.0649622 0.1199662 0.0715843 -0.2148624 -0.1432877 0.0720678 -0.1727130 -0.2124052 -0.1763565 -0.1864745 -0.1808059 -0.1750760 0.0929504 0.0889181 0.0853616 0.0733157 -0.1872436 0.1311118 1.1301974 0.1505593 0.1438842 0.0830902 -0.2206958 -0.2046530 -0.2187528 -0.1963307 -0.2092751 0.0974369 0.0189486 0.0883115 0.0499006 0.0998279 0.0901075 0.0994294
0.0466182 0.0949695 0.0915598 0.0651438 0.0562486 0.0383524 0.1086574 0.0715199 0.0590180 -0.2190719 0.1257604 0.1222131 0.0681424 0.1357134 0.0777659 -0.2198787 -0.1505659 0.0736617 -0.1760946 -0.2206137 -0.1862037 -0.1936194 -0.1826706 -0.1783627 0.0936270 0.0930650 0.0865812 0.0731275 -0.1977877 0.1519351 0.1505593 1.1423286 0.1448578 0.0821413 -0.2266033 -0.2108253 -0.2252189 -0.2028604 -0.2157107 0.0993375 0.0224848 0.0847700 0.0520679 0.0985869 0.0917176 0.0989145
0.0419668 0.0839089 0.0853525 0.0651750 0.0502767 0.0372908 0.0982891 0.0764191 0.0551224 -0.2072517 0.1154489 0.1123778 0.0648022 0.1156953 0.0746314 -0.2100534 -0.1418027 0.0688069 -0.1711610 -0.2064807 -0.1772919 -0.1840212 -0.1785944 -0.1704107 0.0886649 0.0854209 0.0834093 0.0720185 -0.1869608 0.1342785 0.1438842 0.1448578 1.1272160 0.0861355 -0.2128841 -0.2035618 -0.2113814 -0.1892645 -0.2048946 0.1010171 0.0152942 0.0853344 0.0527817 0.0968183 0.0824388 0.0951400
0.0354581 0.0689208 0.0749745 0.0582847 0.0532745 0.0339738 0.0876950 0.0601317 0.0464934 -0.1796855 0.0957445 0.0866793 0.0527215 0.0913549 0.0638144 -0.1768164 -0.1205178 0.0549796 -0.1464855 -0.1796677 -0.1476706 -0.1572060 -0.1508017 -0.1473654 0.0762715 0.0809453 0.0699677 0.0688318 -0.1619397 0.0937542 0.0830902 0.0821413 0.0861355 1.1166155 -0.1862814 -0.1665127 -0.1827269 -0.1647817 -0.1760047 0.0916960 0.0207765 0.0766342 0.0447073 0.0873969 0.0801729 0.0856923
-0.1238905 -0.1718389 -0.1927587 -0.1650110 -0.1416212 -0.1082962 -0.2208914 -0.1765542 -0.1548476 0.4231502 -0.2400814 -0.2460655 -0.1509258 -0.2213737 -0.1829954 0.4441248 0.2492443 -0.1733224 0.2932589 0.4193248 0.3181280 0.3298942 0.3171673 0.3100517 -0.2021861 -0.2029209 -0.1882139 -0.1639670 0.3514527 -0.2217672 -0.2206958 -0.2266033 -0.2128841 -0.1862814 1.0505297 0.3732055 0.4355359 0.3565675 0.3882861 -0.2355911 -0.0842566 -0.2063297 -0.1450422 -0.2368435 -0.2179354 -0.2269446
-0.1137898 -0.1591572 -0.1786137 -0.1489521 -0.1208615 -0.1010125 -0.2075002 -0.1608238 -0.1442153 0.3566586 -0.2263806 -0.2291770 -0.1371754 -0.2068302 -0.1675795 0.3660968 0.2326351 -0.1599694 0.2943369 0.3689800 0.3020379 0.3112418 0.3077175 0.2935274 -0.1922177 -0.1900297 -0.1723952 -0.1515132 0.3136458 -0.2060678 -0.2046530 -0.2108253 -0.2035618 -0.1665127 0.3732055 1.0133803 0.3791440 0.3362598 0.3769797 -0.2185546 -0.0747818 -0.1901509 -0.1270179 -0.2185362 -0.2004429 -0.2134112
-0.1289669 -0.1707029 -0.1850303 -0.1641521 -0.1369545 -0.1108304 -0.2267880 -0.1715021 -0.1532002 0.4108191 -0.2429129 -0.2416571 -0.1494916 -0.2193053 -0.1838683 0.4264473 0.2483262 -0.1700778 0.2979130 0.4110976 0.3187997 0.3281193 0.3201334 0.3176582 -0.2074618 -0.2021697 -0.1874462 -0.1658961 0.3412518 -0.2179945 -0.2187528 -0.2252189 -0.2113814 -0.1827269 0.4355359 0.3791440 1.0391750 0.3550632 0.3989330 -0.2319771 -0.0817567 -0.2067855 -0.1427130 -0.2338312 -0.2170328 -0.2320216
-0.1052674 -0.1562439 -0.1700872 -0.1441961 -0.1185275 -0.0978990 -0.1991833 -0.1582787 -0.1343119 0.3391565 -0.2165789 -0.2172498 -0.1322201 -0.1983876 -0.1662329 0.3477052 0.2245883 -0.1525140 0.2878942 0.3513502 0.2988444 0.3162031 0.2896679 0.2830413 -0.1819374 -0.1800383 -0.1657047 -0.1487401 0.3083792 -0.1980691 -0.1963307 -0.2028604 -0.1892645 -0.1647817 0.3565675 0.3362598 0.3550632 1.0007265 0.3439953 -0.2080082 -0.0699702 -0.1824367 -0.1226105 -0.2119227 -0.1924018 -0.2039702
-0.1175501 -0.1654237 -0.1817497 -0.1551931 -0.1317486 -0.1041031 -0.2126979 -0.1645303 -0.1414807 0.3725005 -0.2271298 -0.2330898 -0.1415931 -0.2079482 -0.1743792 0.3749056 0.2425673 -0.1626041 0.2970152 0.3858129 0.3083355 0.3127801 0.3022135 0.3061872 -0.1927499 -0.1934664 -0.1778174 -0.1576406 0.3205188 -0.2079919 -0.2092751 -0.2157107 -0.2048946 -0.1760047 0.3882861 0.3769797 0.3989330 0.3439953 1.0254219 -0.2250764 -0.0726020 -0.1944321 -0.1301918 -0.2195475 -0.2039700 -0.2150481
0.0534498 0.0774967 0.0887139 0.0740666 0.0561957 0.0381971 0.1045733 0.0734213 0.0674666 -0.2279985 0.1115973 0.1228523 0.0639602 0.0983519 0.0811442 -0.2288619 -0.1580673 0.0748894 -0.1841908 -0.2286499 -0.1921630 -0.1939861 -0.1928190 -0.1892623 0.1008619 0.0939068 0.0823417 0.0736088 -0.1981249 0.1052959 0.0974369 0.0993375 0.1010171 0.0916960 -0.2355911 -0.2185546 -0.2319771 -0.2080082 -0.2250764 1.1543689 0.0555906 0.1391409 0.0947383 0.1674489 0.1501924 0.1528070
0.0082082 0.0134809 0.0214368 0.0140669 0.0110457 0.0077844 0.0216799 0.0132201 0.0178735 -0.0829501 0.0221717 0.0327518 0.0167275 0.0237993 0.0153733 -0.0813828 -0.0473834 0.0152609 -0.0611183 -0.0775125 -0.0687132 -0.0627394 -0.0660347 -0.0622351 0.0236595 0.0218773 0.0196659 0.0159499 -0.0707395 0.0232536 0.0189486 0.0224848 0.0152942 0.0207765 -0.0842566 -0.0747818 -0.0817567 -0.0699702 -0.0726020 0.0555906 1.0397451 0.0523469 0.0336516 0.0543268 0.0532127 0.0444035
0.0399537 0.0656405 0.0704096 0.0672876 0.0450467 0.0381815 0.0851860 0.0622143 0.0580678 -0.1985274 0.0990764 0.0997554 0.0517510 0.0838685 0.0706343 -0.2022872 -0.1357571 0.0634574 -0.1651547 -0.1984602 -0.1688066 -0.1727716 -0.1695869 -0.1665106 0.0831029 0.0813387 0.0766570 0.0639153 -0.1782881 0.0910845 0.0883115 0.0847700 0.0853344 0.0766342 -0.2063297 -0.1901509 -0.2067855 -0.1824367 -0.1944321 0.1391409 0.0523469 1.1239842 0.0879997 0.1299350 0.1234014 0.1455038
0.0329376 0.0385898 0.0453054 0.0373411 0.0254178 0.0209067 0.0533127 0.0380402 0.0358332 -0.1394908 0.0615843 0.0597333 0.0293345 0.0500743 0.0377964 -0.1386750 -0.0897233 0.0383505 -0.1041608 -0.1342252 -0.1116136 -0.1182415 -0.1142732 -0.1098616 0.0568208 0.0523699 0.0504903 0.0389654 -0.1215750 0.0523087 0.0499006 0.0520679 0.0527817 0.0447073 -0.1450422 -0.1270179 -0.1427130 -0.1226105 -0.1301918 0.0947383 0.0336516 0.0879997 1.0755792 0.0987962 0.0858693 0.0824161
0.0531076 0.0730356 0.0870948 0.0717842 0.0532355 0.0384383 0.0990356 0.0741849 0.0661636 -0.2243613 0.1144065 0.1145372 0.0597448 0.0970837 0.0793463 -0.2305678 -0.1603681 0.0743533 -0.1803606 -0.2271291 -0.1940927 -0.1951572 -0.1954677 -0.1890702 0.0981677 0.0959062 0.0881843 0.0738596 -0.2019204 0.0996591 0.0998279 0.0985869 0.0968183 0.0873969 -0.2368435 -0.2185362 -0.2338312 -0.2119227 -0.2195475 0.1674489 0.0543268 0.1299350 0.0987962 1.1736362 0.1492627 0.1565865
0.0518218 0.0652367 0.0742097 0.0632813 0.0510968 0.0392752 0.0898882 0.0680205 0.0614547 -0.2088462 0.1015625 0.1029211 0.0586214 0.0896715 0.0767653 -0.2119861 -0.1430691 0.0724002 -0.1651234 -0.2136240 -0.1766037 -0.1801654 -0.1760548 -0.1728914 0.0894069 0.0842831 0.0786941 0.0619771 -0.1841621 0.0907647 0.0901075 0.0917176 0.0824388 0.0801729 -0.2179354 -0.2004429 -0.2170328 -0.1924018 -0.2039700 0.1501924 0.0532127 0.1234014 0.0858693 0.1492627 1.1305093 0.1486359
0.0536916 0.0755317 0.0832912 0.0742082 0.0567830 0.0438160 0.0971948 0.0704053 0.0635788 -0.2259782 0.1129252 0.1107115 0.0660688 0.1022989 0.0776720 -0.2263310 -0.1538809 0.0742471 -0.1806093 -0.2264107 -0.1904090 -0.1957167 -0.1916916 -0.1851042 0.0943867 0.0948756 0.0828662 0.0731558 -0.1979893 0.1109593 0.0994294 0.0989145 0.0951400 0.0856923 -0.2269446 -0.2134112 -0.2320216 -0.2039702 -0.2150481 0.1528070 0.0444035 0.1455038 0.0824161 0.1565865 0.1486359 1.1532079
