1.1357927 0.0159649 0.0044721 0.0566776 0.0691217 0.0432839 0.0095183 0.0464176 0.1563226 -0.1191923 0.0125976 0.0148238 0.0102995 0.0017838 0.0444940 -0.1296082 -0.0575510 0.0446286 -0.0779303 -0.1143827 -0.1001419 -0.0933157 -0.0933889 -0.0948505 0.0117317 0.0133261 0.0133107 0.0098319 -0.0846453 0.0042904 0.0044413 0.0006380 0.0042656 0.0077207 -0.1218275 -0.1086135 -0.1199960 -0.1055230 -0.1082765 0.0451621 0.0023493 0.0123308 0.0211062 0.0353698 0.0315687 0.0270781
0.0159649 1.1650201 0.0864720 0.0380629 0.0318352 0.0161469 0.1055727 0.0436744 0.0272282 -0.1965630 0.1554851 0.1099184 0.0864260 0.1498485 0.0540934 -0.1970583 -0.1411923 0.0467069 -0.1771334 -0.1931580 -0.1781939 -0.1809444 -0.1721109 -0.1673845 0.0871478 0.0899186 0.0825957 0.0787100 -0.1853926 0.1100310 0.1103157 0.1212474 0.1066433 0.0687634 -0.2077725 -0.1875940 -0.1968530 -0.1881117 -0.1910789 0.0387394 -0.0040682 0.0343458 0.0072005 0.0456751 0.0406459 0.0363812
0.0044721 0.0864720 1.1388578 0.0265164 0.0239387 0.0092198 0.2087192 0.0333823 0.0209354 -0.1823813 0.0905714 0.1319609 0.0795396 0.0941737 0.0475137 -0.1822245 -0.1230475 0.0373631 -0.1560388 -0.1741294 -0.1577608 -0.1647395 -0.1561479 -0.1495200 0.0866551 0.0925742 0.0727752 0.0639676 -0.1695542 0.0760788 0.0740856 0.0690145 0.0723413 0.0750207 -0.1874859 -0.1737070 -0.1842321 -0.1654859 -0.1734425 0.0386573 0.0020756 0.0430048 0.0137494 0.0434616 0.0327306 0.0325503
0.0566776 0.0380629 0.0265164 1.1097203 0.0658223 0.0731071 0.0316500 0.1280731 0.0718195 -0.1480586 0.0393860 0.0356623 0.0312894 0.0360459 0.0986433 -0.1623621 -0.0988317 0.1163903 -0.1232322 -0.1447419 -0.1305210 -0.1307131 -0.1298371 -0.1367228 0.0299357 0.0356272 0.0351923 0.0301366 -0.1382607 0.0415209 0.0352126 0.0447020 0.0354840 0.0332225 -0.1579871 -0.1449762 -0.1565304 -0.1379158 -0.1397456 0.0411723 0.0002227 0.0359008 0.0071473 0.0347169 0.0428006 0.0387667
0.0691217 0.0318352 0.0239387 0.0658223 1.0952770 0.0578850 0.0284197 0.0936737 0.0797964 -0.1373798 0.0331128 0.0325125 0.0255570 0.0358445 0.1061496 -0.1427163 -0.0878814 0.0974651 -0.1121731 -0.1392344 -0.1161913 -0.1227603 -0.1211232 -0.1174504 0.0316710 0.0364680 0.0321013 0.0232608 -0.1244453 0.0331880 0.0392130 0.0351304 0.0312233 0.0372860 -0.1476410 -0.1220597 -0.1369398 -0.1269937 -0.1318535 0.0326823 -0.0092390 0.0202209 -0.0015998 0.0256298 0.0228372 0.0219361
0.0432839 0.0161469 0.0092198 0.0731071 0.0578850 1.0781746 0.0111837 0.0557903 0.0840163 -0.0940303 0.0145127 0.0121124 0.0096798 0.0104071 0.0461103 -0.1003928 -0.0480027 0.0636556 -0.0688410 -0.0871167 -0.0817738 -0.0810726 -0.0850266 -0.0800832 0.0110903 0.0151437 0.0146866 0.0106441 -0.0828527 0.0093609 0.0085606 0.0071174 0.0038747 0.0104039 -0.0984825 -0.0821971 -0.0968270 -0.0868835 -0.0805775 0.0020310 -0.0226448 0.0012801 -0.0102143 -0.0012482 0.0055828 0.0130466
0.0095183 0.1055727 0.2087192 0.0316500 0.0284197 0.0111837 1.1900371 0.0460588 0.0272480 -0.2282918 0.2538632 0.2666406 0.0798607 0.1146849 0.0588836 -0.2297510 -0.1583524 0.0494428 -0.1961723 -0.2213163 -0.2008532 -0.2042308 -0.1993725 -0.1936687 0.0959310 0.0945403 0.0901947 0.0782775 -0.2121490 0.0853544 0.0948165 0.1121648 0.1076108 0.0864789 -0.2333663 -0.2142124 -0.2321730 -0.2095982 -0.2159246 0.0450367 -0.0058154 0.0526510 0.0214786 0.0692073 0.0480647 0.0420945
0.0464176 0.0436744 0.0333823 0.1280731 0.0936737 0.0557903 0.0460588 1.1458336 0.0723176 -0.1619927 0.0495036 0.0466227 0.0358941 0.0474374 0.2266068 -0.1743723 -0.1126670 0.1640586 -0.1459515 -0.1680357 -0.1499725 -0.1530622 -0.1475995 -0.1442091 0.0431679 0.0426259 0.0396198 0.0378016 -0.1519688 0.0460180 0.0409941 0.0463195 0.0424083 0.0436641 -0.1775412 -0.1633116 -0.1732773 -0.1616611 -0.1657310 0.0300768 -0.0113916 0.0225322 0.0063157 0.0311692 0.0301191 0.0311262
0.1563226 0.0272282 0.0209354 0.0718195 0.0797964 0.0840163 0.0272480 0.0723176 1.0983288 -0.1406332 0.0283223 0.0263236 0.0230822 0.0221633 0.0620704 -0.1447879 -0.0811350 0.0832734 -0.1084003 -0.1318000 -0.1191264 -0.1148163 -0.1143858 -0.1144012 0.0331343 0.0301299 0.0252426 0.0239414 -0.1164886 0.0269920 0.0205714 0.0144829 0.0160573 0.0247109 -0.1414552 -0.1204346 -0.1429953 -0.1233264 -0.1302039 0.0361019 -0.0040181 0.0179751 0.0042609 0.0294750 0.0305917 0.0232737
-0.1191923 -0.1965630 -0.1823813 -0.1480586 -0.1373798 -0.0940303 -0.2282918 -0.1619927 -0.1406332 1.0434943 -0.2392533 -0.2265330 -0.1619486 -0.2236860 -0.1744902 0.4561967 0.2331493 -0.1694666 0.2491034 0.3953395 0.2890167 0.2884145 0.2930205 0.2873207 -0.2014652 -0.2030958 -0.1847287 -0.1760776 0.4142571 -0.2217972 -0.2074710 -0.2297403 -0.2186084 -0.1810301 0.5052587 0.3321190 0.4447451 0.3198545 0.3606002 -0.2056424 -0.0977234 -0.1987652 -0.1344339 -0.2258936 -0.2053457 -0.2065670
0.0125976 0.1554851 0.0905714 0.0393860 0.0331128 0.0145127 0.2538632 0.0495036 0.0283223 -0.2392533 1.2617816 0.2940979 0.0878015 0.1656540 0.0588758 -0.2396590 -0.1675566 0.0483355 -0.2081895 -0.2347592 -0.2109335 -0.2134237 -0.2074691 -0.2057527 0.0912900 0.0973510 0.0923294 0.0859970 -0.2213613 0.1156213 0.1061108 0.1406570 0.1173040 0.0912297 -0.2444238 -0.2282005 -0.2435071 -0.2235421 -0.2321221 0.0443348 -0.0132387 0.0507551 0.0163902 0.0655032 0.0516016 0.0478076
0.0148238 0.1099184 0.1319609 0.0356623 0.0325125 0.0121124 0.2666406 0.0466227 0.0263236 -0.2265330 0.2940979 1.2018572 0.0855344 0.1254094 0.0589587 -0.2294363 -0.1585698 0.0493595 -0.1943271 -0.2188945 -0.2011728 -0.2064778 -0.1992723 -0.1939660 0.0909498 0.0990572 0.0793538 0.0760937 -0.2118084 0.0916758 0.0976894 0.1063994 0.1081625 0.0710299 -0.2363897 -0.2150318 -0.2293217 -0.2098373 -0.2148705 0.0444950 0.0056618 0.0543532 0.0198419 0.0672345 0.0511544 0.0483733
0.0102995 0.0864260 0.0795396 0.0312894 0.0255570 0.0096798 0.0798607 0.0358941 0.0230822 -0.1619486 0.0878015 0.0855344 1.1259389 0.0809149 0.0495586 -0.1632363 -0.1051585 0.0388677 -0.1399005 -0.1565193 -0.1420275 -0.1435274 -0.1336206 -0.1328021 0.0867477 0.0861100 0.0845689 0.0643120 -0.1497411 0.0599683 0.0576903 0.0638779 0.0604469 0.0580631 -0.1672856 -0.1484631 -0.1619574 -0.1498324 -0.1506679 0.0296175 0.0036147 0.0265961 0.0093788 0.0348975 0.0284677 0.0250027
0.0017838 0.1498485 0.0941737 0.0360459 0.0358445 0.0104071 0.1146849 0.0474374 0.0221633 -0.2236860 0.1656540 0.1254094 0.0809149 1.1844795 0.0531184 -0.2214416 -0.1513350 0.0478873 -0.1954741 -0.2172737 -0.1940892 -0.2020712 -0.1897063 -0.1856695 0.0953740 0.1010042 0.0979401 0.0896136 -0.2072828 0.1536533 0.1633464 0.2108428 0.1703545 0.0738649 -0.2313022 -0.2116138 -0.2257843 -0.2082678 -0.2138622 0.0383324 -0.0075511 0.0458430 0.0075287 0.0481483 0.0391405 0.0384884
0.0444940 0.0540934 0.0475137 0.0986433 0.1061496 0.0461103 0.0588836 0.2266068 0.0620704 -0.1744902 0.0588758 0.0589587 0.0495586 0.0531184 1.1487570 -0.1811107 -0.1156128 0.1456448 -0.1557615 -0.1749787 -0.1599097 -0.1646231 -0.1582613 -0.1540859 0.0463752 0.0570685 0.0473173 0.0394928 -0.1599552 0.0577457 0.0553581 0.0540133 0.0505132 0.0497657 -0.1887440 -0.1700919 -0.1799888 -0.1677288 -0.1706244 0.0411526 -0.0116851 0.0398703 0.0038743 0.0394024 0.0314575 0.0292559
-0.1296082 -0.1970583 -0.1822245 -0.1623621 -0.1427163 -0.1003928 -0.2297510 -0.1743723 -0.1447879 0.4561967 -0.2396590 -0.2294363 -0.1632363 -0.2214416 -0.1811107 0.9846117 0.2190509 -0.1695797 0.2660668 0.4451686 0.2989268 0.3131211 0.2696889 0.2921291 -0.1978623 -0.2011397 -0.1850771 -0.1779582 0.3425873 -0.2222470 -0.2081506 -0.2277088 -0.2150664 -0.1825882 0.5421265 0.3565800 0.4795850 0.3521391 0.3485800 -0.2080759 -0.0947051 -0.2005591 -0.1347518 -0.2251538 -0.2048688 -0.2069394
-0.0575510 -0.1411923 -0.1230475 -0.0988317 -0.0878814 -0.0480027 -0.1583524 -0.1126670 -0.0811350 0.2331493 -0.1675566 -0.1585698 -0.1051585 -0.1513350 -0.1156128 0.2190509 0.9751849 -0.1067212 0.1810054 0.2042158 0.2406931 0.2001435 0.2283898 0.2220966 -0.1319252 -0.1326421 -0.1227140 -0.1121242 0.2145929 -0.1533320 -0.1413199 -0.1564820 -0.1465838 -0.1197190 0.2113777 0.2269904 0.2240343 0.2129896 0.2205679 -0.1473092 -0.0364809 -0.1421220 -0.0792272 -0.1494583 -0.1477106 -0.1362211
0.0446286 0.0467069 0.0373631 0.1163903 0.0974651 0.0636556 0.0494428 0.1640586 0.0832734 -0.1694666 0.0483355 0.0493595 0.0388677 0.0478873 0.1456448 -0.1695797 -0.1067212 1.1355261 -0.1424932 -0.1612154 -0.1483990 -0.1551741 -0.1413004 -0.1395080 0.0428751 0.0504026 0.0439919 0.0368803 -0.1500679 0.0461319 0.0476185 0.0462499 0.0437210 0.0392154 -0.1768904 -0.1525199 -0.1723780 -0.1641994 -0.1547666 0.0307452 -0.0119276 0.0320825 0.0022377 0.0369222 0.0323587 0.0288344
-0.0779303 -0.1771334 -0.1560388 -0.1232322 -0.1121731 -0.0688410 -0.1961723 -0.1459515 -0.1084003 0.2491034 -0.2081895 -0.1943271 -0.1399005 -0.1954741 -0.1557615 0.2660668 0.1810054 -0.1424932 0.9756045 0.2846550 0.3081614 0.3676090 0.3072699 0.2898276 -0.1726982 -0.1722519 -0.1585066 -0.1498601 0.2960429 -0.1942534 -0.1779173 -0.1941256 -0.1894817 -0.1547761 0.2712670 0.2948348 0.2687050 0.3299603 0.2988633 -0.1661595 -0.0604497 -0.1730522 -0.0888894 -0.1766721 -0.1668144 -0.1684327
-0.1143827 -0.1931580 -0.1741294 -0.1447419 -0.1392344 -0.0871167 -0.2213163 -0.1680357 -0.1318000 0.3953395 -0.2347592 -0.2188945 -0.1565193 -0.2172737 -0.1749787 0.4451686 0.2042158 -0.1612154 0.2846550 0.9445328 0.2898882 0.3093162 0.2615806 0.2680991 -0.1911685 -0.1982374 -0.1781609 -0.1737136 0.3193340 -0.2191659 -0.2023984 -0.2227602 -0.2146215 -0.1771931 0.4468921 0.3636944 0.4390881 0.3411610 0.4042513 -0.2021594 -0.0836848 -0.1896025 -0.1300740 -0.2135097 -0.1933610 -0.1907602
-0.1001419 -0.1781939 -0.1577608 -0.1305210 -0.1161913 -0.0817738 -0.2008532 -0.1499725 -0.1191264 0.2890167 -0.2109335 -0.2011728 -0.1420275 -0.1940892 -0.1599097 0.2989268 0.2406931 -0.1483990 0.3081614 0.2898882 0.9724457 0.3117281 0.3452356 0.3580402 -0.1762220 -0.1787296 -0.1591325 -0.1556477 0.2860441 -0.1919740 -0.1805726 -0.1979493 -0.1904593 -0.1592075 0.2898590 0.3013690 0.2921184 0.3102683 0.3029460 -0.1812736 -0.0765257 -0.1758296 -0.1157051 -0.1989263 -0.1754274 -0.1755342
-0.0933157 -0.1809444 -0.1647395 -0.1307131 -0.1227603 -0.0810726 -0.2042308 -0.1530622 -0.1148163 0.2884145 -0.2134237 -0.2064778 -0.1435274 -0.2020712 -0.1646231 0.3131211 0.2001435 -0.1551741 0.3676090 0.3093162 0.3117281 0.9670085 0.3055889 0.2676562 -0.1782611 -0.1772957 -0.1652483 -0.1603437 0.3206413 -0.2012432 -0.1880923 -0.2056703 -0.1990026 -0.1631182 0.3035172 0.3006956 0.3136150 0.3773099 0.3014454 -0.1774631 -0.0583316 -0.1762375 -0.1133483 -0.1909969 -0.1772779 -0.1767276
-0.0933889 -0.1721109 -0.1561479 -0.1298371 -0.1211232 -0.0850266 -0.1993725 -0.1475995 -0.1143858 0.2930205 -0.2074691 -0.1992723 -0.1336206 -0.1897063 -0.1582613 0.2696889 0.2283898 -0.1413004 0.3072699 0.2615806 0.3452356 0.3055889 1.0047977 0.3159939 -0.1676921 -0.1737836 -0.1603224 -0.1484280 0.3657442 -0.1935149 -0.1829455 -0.1952330 -0.1898023 -0.1470694 0.2736864 0.2828740 0.2783527 0.2655270 0.2731398 -0.1734873 -0.0635339 -0.1714177 -0.0996947 -0.1878996 -0.1715009 -0.1784306
-0.0948505 -0.1673845 -0.1495200 -0.1367228 -0.1174504 -0.0800832 -0.1936687 -0.1442091 -0.1144012 0.2873207 -0.2057527 -0.1939660 -0.1328021 -0.1856695 -0.1540859 0.2921291 0.2220966 -0.1395080 0.2898276 0.2680991 0.3580402 0.2676562 0.3159939 0.9641028 -0.1660906 -0.1687063 -0.1549361 -0.1432809 0.2680182 -0.1869318 -0.1753525 -0.1873143 -0.1755074 -0.1433726 0.2731219 0.2933383 0.2836614 0.2997903 0.3021503 -0.1751951 -0.0755906 -0.1750530 -0.0935136 -0.1888896 -0.1719015 -0.1762038
0.0117317 0.0871478 0.0866551 0.0299357 0.0316710 0.0110903 0.0959310 0.0431679 0.0331343 -0.2014652 0.0912900 0.0909498 0.0867477 0.0953740 0.0463752 -0.1978623 -0.1319252 0.0428751 -0.1726982 -0.1911685 -0.1762220 -0.1782611 -0.1676921 -0.1660906 1.1598816 0.2293016 0.1058847 0.1087007 -0.1840027 0.0843733 0.0734127 0.0767596 0.0737569 0.0720297 -0.2042357 -0.1836530 -0.1987018 -0.1855483 -0.1920509 0.0498158 -0.0000056 0.0549372 0.0226848 0.0627713 0.0444156 0.0489568
0.0133261 0.0899186 0.0925742 0.0356272 0.0364680 0.0151437 0.0945403 0.0426259 0.0301299 -0.2030958 0.0973510 0.0990572 0.0861100 0.1010042 0.0570685 -0.2011397 -0.1326421 0.0504026 -0.1722519 -0.1982374 -0.1787296 -0.1772957 -0.1737836 -0.1687063 0.2293016 1.1678699 0.1003412 0.1168926 -0.1881132 0.0825203 0.0731241 0.0827473 0.0769817 0.0864334 -0.2098008 -0.1915291 -0.2048517 -0.1894719 -0.1994785 0.0469944 0.0027906 0.0518225 0.0202402 0.0556925 0.0408091 0.0558361
0.0133107 0.0825957 0.0727752 0.0351923 0.0321013 0.0146866 0.0901947 0.0396198 0.0252426 -0.1847287 0.0923294 0.0793538 0.0845689 0.0979401 0.0473173 -0.1850771 -0.1227140 0.0439919 -0.1585066 -0.1781609 -0.1591325 -0.1652483 -0.1603224 -0.1549361 0.1058847 0.1003412 1.1854594 0.0998575 -0.1681879 0.0724550 0.0681381 0.0736429 0.0802127 0.0842719 -0.1922763 -0.1741367 -0.1839917 -0.1681370 -0.1788330 0.0388149 -0.0026176 0.0455767 0.0239303 0.0495558 0.0406271 0.0435055
0.0098319 0.0787100 0.0639676 0.0301366 0.0232608 0.0106441 0.0782775 0.0378016 0.0239414 -0.1760776 0.0859970 0.0760937 0.0643120 0.0896136 0.0394928 -0.1779582 -0.1121242 0.0368803 -0.1498601 -0.1737136 -0.1556477 -0.1603437 -0.1484280 -0.1432809 0.1087007 0.1168926 0.0998575 1.1597199 -0.1638578 0.0740888 0.0673112 0.0670792 0.0807085 0.0894396 -0.1855042 -0.1653014 -0.1800723 -0.1678589 -0.1751978 0.0400924 -0.0043257 0.0481438 0.0320873 0.0527981 0.0411957 0.0415806
-0.0846453 -0.1853926 -0.1695542 -0.1382607 -0.1244453 -0.0828527 -0.2121490 -0.1519688 -0.1164886 0.4142571 -0.2213613 -0.2118084 -0.1497411 -0.2072828 -0.1599552 0.3425873 0.2145929 -0.1500679 0.2960429 0.3193340 0.2860441 0.3206413 0.3657442 0.2680182 -0.1840027 -0.1881132 -0.1681879 -0.1638578 0.9706675 -0.2092244 -0.1974373 -0.2176013 -0.2066704 -0.1733540 0.3713522 0.3000285 0.3304143 0.3181381 0.2902139 -0.1821128 -0.0744401 -0.1897075 -0.1149899 -0.1972444 -0.1824904 -0.1878212
0.0042904 0.1100310 0.0760788 0.0415209 0.0331880 0.0093609 0.0853544 0.0460180 0.0269920 -0.2217972 0.1156213 0.0916758 0.0599683 0.1536533 0.0577457 -0.2222470 -0.1533320 0.0461319 -0.1942534 -0.2191659 -0.1919740 -0.2012432 -0.1935149 -0.1869318 0.0843733 0.0825203 0.0724550 0.0740888 -0.2092244 1.1986256 0.1887560 0.2551577 0.2194852 0.1024968 -0.2281273 -0.2083350 -0.2229479 -0.2040943 -0.2118893 0.0491289 -0.0075421 0.0547957 0.0162348 0.0631083 0.0479107 0.0557087
0.0044413 0.1103157 0.0740856 0.0352126 0.0392130 0.0085606 0.0948165 0.0409941 0.0205714 -0.2074710 0.1061108 0.0976894 0.0576903 0.1633464 0.0553581 -0.2081506 -0.1413199 0.0476185 -0.1779173 -0.2023984 -0.1805726 -0.1880923 -0.1829455 -0.1753525 0.0734127 0.0731241 0.0681381 0.0673112 -0.1974373 0.1887560 1.1492895 0.2491347 0.2406725 0.0740869 -0.2118668 -0.1953869 -0.2093623 -0.1881493 -0.1996763 0.0283103 -0.0204276 0.0391066 0.0005363 0.0430377 0.0305525 0.0332739
0.0006380 0.1212474 0.0690145 0.0447020 0.0351304 0.0071174 0.1121648 0.0463195 0.0144829 -0.2297403 0.1406570 0.1063994 0.0638779 0.2108428 0.0540133 -0.2277088 -0.1564820 0.0462499 -0.1941256 -0.2227602 -0.1979493 -0.2056703 -0.1952330 -0.1873143 0.0767596 0.0827473 0.0736429 0.0670792 -0.2176013 0.2551577 0.2491347 1.1845102 0.2605918 0.0756285 -0.2314626 -0.2149560 -0.2307978 -0.2093793 -0.2194486 0.0362713 -0.0165140 0.0448296 0.0004178 0.0445304 0.0374957 0.0450441
0.0042656 0.1066433 0.0723413 0.0354840 0.0312233 0.0038747 0.1076108 0.0424083 0.0160573 -0.2186084 0.1173040 0.1081625 0.0604469 0.1703545 0.0505132 -0.2150664 -0.1465838 0.0437210 -0.1894817 -0.2146215 -0.1904593 -0.1990026 -0.1898023 -0.1755074 0.0737569 0.0769817 0.0802127 0.0807085 -0.2066704 0.2194852 0.2406725 0.2605918 1.1699303 0.0875974 -0.2227383 -0.2100287 -0.2191933 -0.1933980 -0.2139719 0.0347760 -0.0114409 0.0402469 0.0053584 0.0423116 0.0340639 0.0335142
0.0077207 0.0687634 0.0750207 0.0332225 0.0372860 0.0104039 0.0864789 0.0436641 0.0247109 -0.1810301 0.0912297 0.0710299 0.0580631 0.0738649 0.0497657 -0.1825882 -0.1197190 0.0392154 -0.1547761 -0.1771931 -0.1592075 -0.1631182 -0.1470694 -0.1433726 0.0720297 0.0864334 0.0842719 0.0894396 -0.1733540 0.1024968 0.0740869 0.0756285 0.0875974 1.1540545 -0.1894375 -0.1716785 -0.1818859 -0.1702892 -0.1749160 0.0513201 -0.0017546 0.0612288 0.0354491 0.0626545 0.0555003 0.0522760
-0.1218275 -0.2077725 -0.1874859 -0.1579871 -0.1476410 -0.0984825 -0.2333663 -0.1775412 -0.1414552 0.5052587 -0.2444238 -0.2363897 -0.1672856 -0.2313022 -0.1887440 0.5421265 0.2113777 -0.1768904 0.2712670 0.4468921 0.2898590 0.3035172 0.2736864 0.2731219 -0.2042357 -0.2098008 -0.1922763 -0.1855042 0.3713522 -0.2281273 -0.2118668 -0.2314626 -0.2227383 -0.1894375 1.0530885 0.3455617 0.4810094 0.3513563 0.3554666 -0.2045304 -0.1040379 -0.1973170 -0.1402590 -0.2247732 -0.2004170 -0.1930598
-0.1086135 -0.1875940 -0.1737070 -0.1449762 -0.1220597 -0.0821971 -0.2142124 -0.1633116 -0.1204346 0.3321190 -0.2282005 -0.2150318 -0.1484631 -0.2116138 -0.1700919 0.3565800 0.2269904 -0.1525199 0.2948348 0.3636944 0.3013690 0.3006956 0.2828740 0.2933383 -0.1836530 -0.1915291 -0.1741367 -0.1653014 0.3000285 -0.2083350 -0.1953869 -0.2149560 -0.2100287 -0.1716785 0.3455617 0.9999849 0.3574457 0.3328006 0.4189818 -0.1896960 -0.0704650 -0.1886338 -0.1085314 -0.2027305 -0.1891167 -0.1865220
-0.1199960 -0.1968530 -0.1842321 -0.1565304 -0.1369398 -0.0968270 -0.2321730 -0.1732773 -0.1429953 0.4447451 -0.2435071 -0.2293217 -0.1619574 -0.2257843 -0.1799888 0.4795850 0.2240343 -0.1723780 0.2687050 0.4390881 0.2921184 0.3136150 0.2783527 0.2836614 -0.1987018 -0.2048517 -0.1839917 -0.1800723 0.3304143 -0.2229479 -0.2093623 -0.2307978 -0.2191933 -0.1818859 0.4810094 0.3574457 0.9992067 0.3456260 0.4144082 -0.2036244 -0.0909059 -0.2013417 -0.1462280 -0.2215564 -0.2041567 -0.1956365
-0.1055230 -0.1881117 -0.1654859 -0.1379158 -0.1269937 -0.0868835 -0.2095982 -0.1616611 -0.1233264 0.3198545 -0.2235421 -0.2098373 -0.1498324 -0.2082678 -0.1677288 0.3521391 0.2129896 -0.1641994 0.3299603 0.3411610 0.3102683 0.3773099 0.2655270 0.2997903 -0.1855483 -0.1894719 -0.1681370 -0.1678589 0.3181381 -0.2040943 -0.1881493 -0.2093793 -0.1933980 -0.1702892 0.3513563 0.3328006 0.3456260 0.9609924 0.3306804 -0.1851003 -0.0721352 -0.1877279 -0.1202337 -0.2070219 -0.1839895 -0.1796491
-0.1082765 -0.1910789 -0.1734425 -0.1397456 -0.1318535 -0.0805775 -0.2159246 -0.1657310 -0.1302039 0.3606002 -0.2321221 -0.2148705 -0.1506679 -0.2138622 -0.1706244 0.3485800 0.2205679 -0.1547666 0.2988633 0.4042513 0.3029460 0.3014454 0.2731398 0.3021503 -0.1920509 -0.1994785 -0.1788330 -0.1751978 0.2902139 -0.2118893 -0.1996763 -0.2194486 -0.2139719 -0.1749160 0.3554666 0.4189818 0.4144082 0.3306804 0.9809456 -0.1970787 -0.0725135 -0.1873202 -0.1169297 -0.2098504 -0.1864300 -0.1855208
0.0451621 0.0387394 0.0386573 0.0411723 0.0326823 0.0020310 0.0450367 0.0300768 0.0361019 -0.2056424 0.0443348 0.0444950 0.0296175 0.0383324 0.0411526 -0.2080759 -0.1473092 0.0307452 -0.1661595 -0.2021594 -0.1812736 -0.1774631 -0.1734873 -0.1751951 0.0498158 0.0469944 0.0388149 0.0400924 -0.1821128 0.0491289 0.0283103 0.0362713 0.0347760 0.0513201 -0.2045304 -0.1896960 -0.2036244 -0.1851003 -0.1970787 1.1648277 0.1086575 0.2073718 0.1441559 0.2315184 0.2348658 0.2385305
0.0023493 -0.0040682 0.0020756 0.0002227 -0.0092390 -0.0226448 -0.0058154 -0.0113916 -0.0040181 -0.0977234 -0.0132387 0.0056618 0.0036147 -0.0075511 -0.0116851 -0.0947051 -0.0364809 -0.0119276 -0.0604497 -0.0836848 -0.0765257 -0.0583316 -0.0635339 -0.0755906 -0.0000056 0.0027906 -0.0026176 -0.0043257 -0.0744401 -0.0075421 -0.0204276 -0.0165140 -0.0114409 -0.0017546 -0.1040379 -0.0704650 -0.0909059 -0.0721352 -0.0725135 0.1086575 1.0514373 0.1102647 0.0789693 0.1128491 0.1077225 0.0918861
0.0123308 0.0343458 0.0430048 0.0359008 0.0202209 0.0012801 0.0526510 0.0225322 0.0179751 -0.1987652 0.0507551 0.0543532 0.0265961 0.0458430 0.0398703 -0.2005591 -0.1421220 0.0320825 -0.1730522 -0.1896025 -0.1758296 -0.1762375 -0.1714177 -0.1750530 0.0549372 0.0518225 0.0455767 0.0481438 -0.1897075 0.0547957 0.0391066 0.0448296 0.0402469 0.0612288 -0.1973170 -0.1886338 -0.2013417 -0.1877279 -0.1873202 0.2073718 0.1102647 1.1626382 0.1338468 0.2055261 0.2140309 0.2219992
0.0211062 0.0072005 0.0137494 0.0071473 -0.0015998 -0.0102143 0.0214786 0.0063157 0.0042609 -0.1344339 0.0163902 0.0198419 0.0093788 0.0075287 0.0038743 -0.1347518 -0.0792272 0.0022377 -0.0888894 -0.1300740 -0.1157051 -0.1133483 -0.0996947 -0.0935136 0.0226848 0.0202402 0.0239303 0.0320873 -0.1149899 0.0162348 0.0005363 0.0004178 0.0053584 0.0354491 -0.1402590 -0.1085314 -0.1462280 -0.1202337 -0.1169297 0.1441559 0.0789693 0.1338468 1.0740191 0.1697577 0.1365342 0.1245237
0.0353698 0.0456751 0.0434616 0.0347169 0.0256298 -0.0012482 0.0692073 0.0311692 0.0294750 -0.2258936 0.0655032 0.0672345 0.0348975 0.0481483 0.0394024 -0.2251538 -0.1494583 0.0369222 -0.1766721 -0.2135097 -0.1989263 -0.1909969 -0.1878996 -0.1888896 0.0627713 0.0556925 0.0495558 0.0527981 -0.1972444 0.0631083 0.0430377 0.0445304 0.0423116 0.0626545 -0.2247732 -0.2027305 -0.2215564 -0.2070219 -0.2098504 0.2315184 0.1128491 0.2055261 0.1697577 1.1980071 0.2365262 0.2253771
0.0315687 0.0406459 0.0327306 0.0428006 0.0228372 0.0055828 0.0480647 0.0301191 0.0305917 -0.2053457 0.0516016 0.0511544 0.0284677 0.0391405 0.0314575 -0.2048688 -0.1477106 0.0323587 -0.1668144 -0.1933610 -0.1754274 -0.1772779 -0.1715009 -0.1719015 0.0444156 0.0408091 0.0406271 0.0411957 -0.1824904 0.0479107 0.0305525 0.0374957 0.0340639 0.0555003 -0.2004170 -0.1891167 -0.2041567 -0.1839895 -0.1864300 0.2348658 0.1077225 0.2140309 0.1365342 0.2365262 1.1532999 0.2176046
0.0270781 0.0363812 0.0325503 0.0387667 0.0219361 0.0130466 0.0420945 0.0311262 0.0232737 -0.2065670 0.0478076 0.0483733 0.0250027 0.0384884 0.0292559 -0.2069394 -0.1362211 0.0288344 -0.1684327 -0.1907602 -0.1755342 -0.1767276 -0.1784306 -0.1762038 0.0489568 0.0558361 0.0435055 0.0415806 -0.1878212 0.0557087 0.0332739 0.0450441 0.0335142 0.0522760 -0.1930598 -0.1865220 -0.1956365 -0.1796491 -0.1855208 0.2385305 0.0918861 0.2219992 0.1245237 0.2253771 0.2176046 1.1779830
