1.3223436 -0.0258197 -0.0453415 0.1147022 0.1457243 0.1077909 -0.0559742 0.0998819 0.3361423 -0.1349418 -0.0611128 -0.0440598 -0.0199210 -0.0753332 0.0859042 -0.1592452 -0.0355805 0.0939215 -0.0555611 -0.1262600 -0.1034312 -0.0845642 -0.0891987 -0.0974269 -0.0281541 -0.0272736 -0.0223297 -0.0282440 -0.0627656 -0.0696942 -0.0624688 -0.0805081 -0.0697860 -0.0341813 -0.1396209 -0.1166634 -0.1356083 -0.1100630 -0.1143626 0.0484986 -0.0078939 -0.0278988 0.0170402 0.0200431 0.0151466 0.0067631
-0.0258197 1.1647162 0.1032697 0.0043508 0.0003751 -0.0080623 0.1270903 0.0063840 -0.0097876 -0.1789820 0.2231316 0.1314861 0.1091165 0.2146026 0.0214899 -0.1772211 -0.1429807 0.0121760 -0.1803933 -0.1790484 -0.1759523 -0.1767574 -0.1664100 -0.1578419 0.0923380 0.0967281 0.0914063 0.0845652 -0.1776637 0.1247193 0.1367700 0.1517678 0.1252771 0.0615108 -0.1964651 -0.1779304 -0.1779157 -0.1814494 -0.1812600 -0.0407569 -0.0499673 -0.0424443 -0.0589656 -0.0317420 -0.0325641 -0.0480093
-0.0453415 0.1032697 1.1523049 -0.0167221 -0.0129780 -0.0212444 0.3594893 -0.0116451 -0.0153540 -0.1698725 0.1342516 0.2087536 0.1126465 0.1005605 0.0152452 -0.1677196 -0.1199884 -0.0024985 -0.1508928 -0.1578324 -0.1472462 -0.1594845 -0.1476995 -0.1380338 0.1156027 0.1240830 0.0884514 0.0695269 -0.1625792 0.0457231 0.0540280 0.0302107 0.0454625 0.0835663 -0.1764166 -0.1682079 -0.1731152 -0.1521032 -0.1645858 -0.0336373 -0.0317134 -0.0165978 -0.0342740 -0.0241235 -0.0383315 -0.0425949
0.1147022 0.0043508 -0.0167221 1.1459632 0.1253141 0.1623069 -0.0334628 0.2473024 0.1405893 -0.1410395 -0.0293322 -0.0251521 0.0082772 -0.0170634 0.1819739 -0.1722885 -0.0972681 0.2253589 -0.1237771 -0.1408564 -0.1322573 -0.1290703 -0.1357546 -0.1525291 -0.0083952 -0.0036809 0.0069792 -0.0028505 -0.1357772 -0.0021435 -0.0035882 0.0019749 -0.0092502 0.0049209 -0.1586152 -0.1491437 -0.1584705 -0.1376648 -0.1337476 0.0061022 -0.0275544 -0.0044152 -0.0355759 -0.0135892 0.0112449 -0.0002234
0.1457243 0.0003751 -0.0129780 0.1253141 1.1197454 0.1343367 -0.0282798 0.1901286 0.1599416 -0.1345281 -0.0283361 -0.0224624 0.0035461 -0.0066634 0.2070810 -0.1476411 -0.0790089 0.1936169 -0.1102392 -0.1431454 -0.1133861 -0.1237954 -0.1249434 -0.1228369 -0.0000024 0.0099924 0.0060804 -0.0116209 -0.1198256 -0.0080761 0.0110011 -0.0078009 -0.0096490 0.0186226 -0.1529763 -0.1161633 -0.1346123 -0.1287139 -0.1326543 -0.0099104 -0.0476398 -0.0370366 -0.0527791 -0.0321868 -0.0290096 -0.0318648
0.1077909 -0.0080623 -0.0212444 0.1623069 0.1343367 1.1634017 -0.0354198 0.1329540 0.1941789 -0.1007214 -0.0336442 -0.0347691 -0.0080709 -0.0351513 0.1081377 -0.1168040 -0.0347706 0.1505439 -0.0659776 -0.0905733 -0.0897023 -0.0860150 -0.0969628 -0.0913366 -0.0166553 -0.0077114 -0.0054565 -0.0140079 -0.0847183 -0.0341290 -0.0297044 -0.0422186 -0.0459990 -0.0121688 -0.1096176 -0.0846984 -0.1071536 -0.0954256 -0.0785590 -0.0507522 -0.0685863 -0.0524945 -0.0564841 -0.0613856 -0.0419313 -0.0257444
-0.0559742 0.1270903 0.3594893 -0.0334628 -0.0282798 -0.0354198 1.2665282 -0.0194563 -0.0269397 -0.2109054 0.4525865 0.4764091 0.1072838 0.1197055 0.0056893 -0.2107532 -0.1592826 -0.0065355 -0.1919914 -0.2036329 -0.1921390 -0.1964513 -0.1914408 -0.1845165 0.1263479 0.1213867 0.1135680 0.0912897 -0.2017116 0.0258836 0.0598181 0.0771307 0.0783913 0.0892483 -0.2163472 -0.2018239 -0.2175830 -0.1977913 -0.2023258 -0.0569599 -0.0609155 -0.0293810 -0.0390083 -0.0095160 -0.0418754 -0.0596634
0.0998819 0.0063840 -0.0116451 0.2473024 0.1901286 0.1329540 -0.0194563 1.2471747 0.1472721 -0.1450578 -0.0215782 -0.0157240 0.0123049 -0.0092344 0.4517363 -0.1731256 -0.1117379 0.3319769 -0.1554676 -0.1658289 -0.1568641 -0.1596556 -0.1571690 -0.1523652 0.0084368 0.0048257 0.0053339 0.0016406 -0.1435843 -0.0061530 -0.0073537 -0.0102676 -0.0110571 0.0144614 -0.1746680 -0.1680366 -0.1693826 -0.1684543 -0.1676124 -0.0413007 -0.0650653 -0.0565836 -0.0557524 -0.0478677 -0.0380969 -0.0395460
0.3361423 -0.0097876 -0.0153540 0.1405893 0.1599416 0.1941789 -0.0269397 0.1472721 1.1509203 -0.1507299 -0.0346612 -0.0273421 0.0026098 -0.0403504 0.1185172 -0.1622293 -0.0706111 0.1652566 -0.1030557 -0.1380059 -0.1238806 -0.1109404 -0.1158276 -0.1182176 0.0069020 -0.0009572 -0.0011633 -0.0071390 -0.1088863 -0.0288487 -0.0360736 -0.0582424 -0.0509058 -0.0054244 -0.1502593 -0.1167493 -0.1534840 -0.1267502 -0.1343906 0.0065643 -0.0308450 -0.0342027 -0.0341505 -0.0147048 -0.0044099 -0.0231676
-0.1349418 -0.1789820 -0.1698725 -0.1410395 -0.1345281 -0.1007214 -0.2109054 -0.1450578 -0.1507299 1.0913126 -0.2201131 -0.2088281 -0.1540863 -0.2093665 -0.1576076 0.5356655 0.1901156 -0.1629064 0.1236590 0.4130084 0.1908861 0.1937740 0.1994758 0.2107382 -0.1917487 -0.1911159 -0.1741040 -0.1667100 0.4467766 -0.2059240 -0.1918072 -0.2169265 -0.2059692 -0.1719949 0.6296906 0.2790614 0.5047351 0.2526745 0.3355790 -0.2022844 -0.1206134 -0.1887056 -0.1469813 -0.2287455 -0.2055643 -0.2081239
-0.0611128 0.2231316 0.1342516 -0.0293322 -0.0283361 -0.0336442 0.4525865 -0.0215782 -0.0346612 -0.2201131 1.4287859 0.5284535 0.1182598 0.2222121 -0.0056150 -0.2171475 -0.1684513 -0.0196287 -0.2061859 -0.2174774 -0.2025758 -0.2046015 -0.2001107 -0.1977812 0.1121458 0.1207261 0.1150092 0.1014435 -0.2092409 0.0855479 0.0840887 0.1340071 0.1015275 0.0930213 -0.2250367 -0.2183464 -0.2273906 -0.2126157 -0.2228524 -0.0758729 -0.0836053 -0.0482456 -0.0626203 -0.0360209 -0.0522085 -0.0663998
-0.0440598 0.1314861 0.2087536 -0.0251521 -0.0224624 -0.0347691 0.4764091 -0.0157240 -0.0273421 -0.2088281 0.5284535 1.2694732 0.1098852 0.1400611 0.0055410 -0.2121394 -0.1605738 -0.0074686 -0.1886541 -0.1988669 -0.1937092 -0.2013047 -0.1928563 -0.1873380 0.1057364 0.1185729 0.0848053 0.0778146 -0.2015452 0.0398384 0.0691484 0.0683074 0.0857265 0.0519641 -0.2227691 -0.2048069 -0.2129108 -0.1959965 -0.1992840 -0.0537448 -0.0351125 -0.0246548 -0.0431273 -0.0117710 -0.0347904 -0.0464678
-0.0199210 0.1091165 0.1126465 0.0082772 0.0035461 -0.0080709 0.1072838 0.0123049 0.0026098 -0.1540863 0.1182598 0.1098852 1.1345983 0.0861820 0.0375389 -0.1557293 -0.1004421 0.0205743 -0.1417430 -0.1467721 -0.1398626 -0.1392734 -0.1255688 -0.1264498 0.1160436 0.1120945 0.1144551 0.0734844 -0.1451275 0.0317922 0.0391967 0.0418339 0.0413975 0.0561254 -0.1623637 -0.1418386 -0.1526249 -0.1452414 -0.1415644 -0.0352368 -0.0240123 -0.0347394 -0.0365578 -0.0284061 -0.0334990 -0.0449311
-0.0753332 0.2146026 0.1005605 -0.0170634 -0.0066634 -0.0351513 0.1197055 -0.0092344 -0.0403504 -0.2093665 0.2222121 0.1400611 0.0861820 1.2131933 -0.0023082 -0.2011531 -0.1489662 -0.0060859 -0.1939877 -0.2020974 -0.1816587 -0.1942200 -0.1771374 -0.1730858 0.0924317 0.1000444 0.1065983 0.0953811 -0.1986708 0.2302095 0.2599264 0.3556739 0.2749362 0.0626861 -0.2192701 -0.2036096 -0.2123209 -0.1964898 -0.2040593 -0.0704459 -0.0680347 -0.0412038 -0.0766570 -0.0559247 -0.0600178 -0.0644597
0.0859042 0.0214899 0.0152452 0.1819739 0.2070810 0.1081377 0.0056893 0.4517363 0.1185172 -0.1576076 -0.0056150 0.0055410 0.0375389 -0.0023082 1.2190639 -0.1732094 -0.1089477 0.2846366 -0.1665537 -0.1682286 -0.1665632 -0.1704362 -0.1701418 -0.1624131 0.0109370 0.0257751 0.0176416 0.0030351 -0.1509350 0.0112508 0.0176902 0.0024162 0.0005835 0.0231403 -0.1840615 -0.1696402 -0.1692668 -0.1684000 -0.1659525 -0.0259247 -0.0690284 -0.0273066 -0.0654030 -0.0388027 -0.0413929 -0.0513304
-0.1592452 -0.1772211 -0.1677196 -0.1722885 -0.1476411 -0.1168040 -0.2107532 -0.1731256 -0.1622293 0.5356655 -0.2171475 -0.2121394 -0.1557293 -0.2011531 -0.1732094 0.9520302 0.1637037 -0.1684956 0.1535003 0.5000779 0.2099163 0.2371921 0.1541279 0.2183669 -0.1836242 -0.1853563 -0.1721594 -0.1683776 0.3041698 -0.2034042 -0.1874658 -0.2083861 -0.1926738 -0.1732207 0.7067469 0.3202771 0.5705652 0.3118810 0.3034339 -0.2056380 -0.1132435 -0.1908595 -0.1432122 -0.2237932 -0.2008968 -0.2059593
-0.0355805 -0.1429807 -0.1199884 -0.0972681 -0.0790089 -0.0347706 -0.1592826 -0.1117379 -0.0706111 0.1901156 -0.1684513 -0.1605738 -0.1004421 -0.1489662 -0.1089477 0.1637037 0.9987109 -0.1000164 0.1823606 0.1561440 0.2793375 0.1950095 0.2624717 0.2526408 -0.1268117 -0.1239943 -0.1173526 -0.1031416 0.2025748 -0.1514653 -0.1369281 -0.1527960 -0.1417513 -0.1137822 0.1361177 0.2179992 0.1758132 0.1983588 0.1983431 -0.1660105 -0.0176964 -0.1586031 -0.0729741 -0.1570170 -0.1682443 -0.1476114
0.0939215 0.0121760 -0.0024985 0.2253589 0.1936169 0.1505439 -0.0065355 0.3319769 0.1652566 -0.1629064 -0.0196287 -0.0074686 0.0205743 -0.0060859 0.2846366 -0.1684956 -0.1000164 1.2144040 -0.1479757 -0.1554833 -0.1528450 -0.1628731 -0.1441417 -0.1426658 0.0097733 0.0204213 0.0159631 0.0019675 -0.1424621 -0.0043516 0.0096071 -0.0087684 -0.0055052 0.0072064 -0.1781836 -0.1468896 -0.1712048 -0.1757077 -0.1472773 -0.0366981 -0.0648366 -0.0357521 -0.0631166 -0.0350721 -0.0320877 -0.0440382
-0.0555611 -0.1803933 -0.1508928 -0.1237771 -0.1102392 -0.0659776 -0.1919914 -0.1554676 -0.1030557 0.1236590 -0.2061859 -0.1886541 -0.1417430 -0.1939877 -0.1665537 0.1535003 0.1823606 -0.1479757 1.0166193 0.2190198 0.3684814 0.4660869 0.3823430 0.3366964 -0.1706132 -0.1661334 -0.1544988 -0.1443299 0.2923202 -0.1907832 -0.1715613 -0.1864244 -0.1856997 -0.1477621 0.1432918 0.2814387 0.1644363 0.3630191 0.2739946 -0.1597676 -0.0421540 -0.1785883 -0.0578570 -0.1655935 -0.1646243 -0.1692930
-0.1262600 -0.1790484 -0.1578324 -0.1408564 -0.1431454 -0.0905733 -0.2036329 -0.1658289 -0.1380059 0.4130084 -0.2174774 -0.1988669 -0.1467721 -0.2020974 -0.1682286 0.5000779 0.1561440 -0.1554833 0.2190198 0.8719635 0.2170589 0.2543377 0.1755442 0.2005271 -0.1775173 -0.1856924 -0.1652367 -0.1666653 0.2744576 -0.2076840 -0.1868511 -0.2097400 -0.2024392 -0.1683545 0.4936621 0.3580202 0.4847105 0.3083825 0.4338112 -0.2008757 -0.0869976 -0.1771611 -0.1314477 -0.2064815 -0.1855764 -0.1811084
-0.1034312 -0.1759523 -0.1472462 -0.1322573 -0.1133861 -0.0897023 -0.1921390 -0.1568641 -0.1238806 0.1908861 -0.2025758 -0.1937092 -0.1398626 -0.1816587 -0.1665632 0.2099163 0.2793375 -0.1528450 0.3684814 0.2170589 0.9832498 0.3407168 0.4343954 0.4592244 -0.1703435 -0.1714584 -0.1484853 -0.1501051 0.2552832 -0.1742269 -0.1645523 -0.1798869 -0.1733804 -0.1497339 0.1738003 0.2802694 0.1993509 0.3105192 0.2681226 -0.1874274 -0.0779923 -0.1802542 -0.1151463 -0.2054705 -0.1768630 -0.1798128
-0.0845642 -0.1767574 -0.1594845 -0.1290703 -0.1237954 -0.0860150 -0.1964513 -0.1596556 -0.1109404 0.1937740 -0.2046015 -0.2013047 -0.1392734 -0.1942200 -0.1704362 0.2371921 0.1950095 -0.1628731 0.4660869 0.2543377 0.3407168 0.9586294 0.3453658 0.2649930 -0.1709514 -0.1649975 -0.1584443 -0.1560239 0.3194651 -0.1921763 -0.1794471 -0.1966556 -0.1934233 -0.1555969 0.2011498 0.2736779 0.2434099 0.4360145 0.2624059 -0.1714513 -0.0381909 -0.1725260 -0.1047754 -0.1822315 -0.1741026 -0.1736464
-0.0891987 -0.1664100 -0.1476995 -0.1357546 -0.1249434 -0.0969628 -0.1914408 -0.1571690 -0.1158276 0.1994758 -0.2001107 -0.1928563 -0.1255688 -0.1771374 -0.1701418 0.1541279 0.2624717 -0.1441417 0.3823430 0.1755442 0.4343954 0.3453658 1.0772712 0.3841910 -0.1570275 -0.1638602 -0.1543427 -0.1363142 0.4213133 -0.1852858 -0.1765338 -0.1836566 -0.1817399 -0.1298819 0.1446130 0.2524362 0.1783840 0.2311189 0.2186405 -0.1746363 -0.0483254 -0.1741676 -0.0807277 -0.1869219 -0.1746390 -0.1918590
-0.0974269 -0.1578419 -0.1380338 -0.1525291 -0.1228369 -0.0913366 -0.1845165 -0.1523652 -0.1182176 0.2107382 -0.1977812 -0.1873380 -0.1264498 -0.1730858 -0.1624131 0.2183669 0.2526408 -0.1426658 0.3366964 0.2005271 0.4592244 0.2649930 0.3841910 0.9584891 -0.1583339 -0.1594955 -0.1483354 -0.1316579 0.2358626 -0.1741124 -0.1620477 -0.1683137 -0.1550207 -0.1261846 0.1645861 0.2795755 0.2072494 0.3031585 0.2870741 -0.1841242 -0.0803591 -0.1865686 -0.0742668 -0.1947559 -0.1800801 -0.1906074
-0.0281541 0.0923380 0.1156027 -0.0083952 -0.0000024 -0.0166553 0.1263479 0.0084368 0.0069020 -0.1917487 0.1121458 0.1057364 0.1160436 0.0924317 0.0109370 -0.1836242 -0.1268117 0.0097733 -0.1706132 -0.1775173 -0.1703435 -0.1709514 -0.1570275 -0.1583339 1.1649710 0.3695093 0.1365970 0.1464069 -0.1757564 0.0540732 0.0474229 0.0431068 0.0423075 0.0694895 -0.1934507 -0.1727951 -0.1856701 -0.1789436 -0.1865324 -0.0132141 -0.0362706 0.0070107 -0.0201895 0.0102526 -0.0163118 -0.0132269
-0.0272736 0.0967281 0.1240830 -0.0036809 0.0099924 -0.0077114 0.1213867 0.0048257 -0.0009572 -0.1911159 0.1207261 0.1185729 0.1120945 0.1000444 0.0257751 -0.1853563 -0.1239943 0.0204213 -0.1661334 -0.1856924 -0.1714584 -0.1649975 -0.1638602 -0.1594955 0.3695093 1.1757624 0.1263975 0.1620684 -0.1794781 0.0496216 0.0442064 0.0508186 0.0472166 0.0919097 -0.2005556 -0.1841663 -0.1945719 -0.1830141 -0.1974059 -0.0266173 -0.0332367 -0.0081837 -0.0278586 -0.0114649 -0.0318157 -0.0063690
-0.0223297 0.0914063 0.0884514 0.0069792 0.0060804 -0.0054565 0.1135680 0.0053339 -0.0011633 -0.1741040 0.1150092 0.0848053 0.1144551 0.1065983 0.0176416 -0.1721594 -0.1173526 0.0159631 -0.1544988 -0.1652367 -0.1484853 -0.1584443 -0.1543427 -0.1483354 0.1365970 0.1263975 1.2533495 0.1340283 -0.1569255 0.0464983 0.0487172 0.0501344 0.0688544 0.0963745 -0.1846233 -0.1674480 -0.1712198 -0.1569621 -0.1729581 -0.0322227 -0.0403239 -0.0105885 -0.0161556 -0.0109715 -0.0212202 -0.0191049
-0.0282440 0.0845652 0.0695269 -0.0028505 -0.0116209 -0.0140079 0.0912897 0.0016406 -0.0071390 -0.1667100 0.1014435 0.0778146 0.0734844 0.0953811 0.0030351 -0.1683776 -0.1031416 0.0019675 -0.1443299 -0.1666653 -0.1501051 -0.1560239 -0.1363142 -0.1316579 0.1464069 0.1620684 0.1340283 1.2157298 -0.1581381 0.0542929 0.0503484 0.0420481 0.0725055 0.1115076 -0.1819852 -0.1582502 -0.1739584 -0.1655375 -0.1769627 -0.0198453 -0.0412316 0.0010235 0.0091742 0.0021832 -0.0124973 -0.0141777
-0.0627656 -0.1776637 -0.1625792 -0.1357772 -0.1198256 -0.0847183 -0.2017116 -0.1435843 -0.1088863 0.4467766 -0.2092409 -0.2015452 -0.1451275 -0.1986708 -0.1509350 0.3041698 0.2025748 -0.1424621 0.2923202 0.2744576 0.2552832 0.3194651 0.4213133 0.2358626 -0.1757564 -0.1794781 -0.1569255 -0.1581381 0.9362057 -0.2030051 -0.1935240 -0.2164189 -0.2045520 -0.1695520 0.3516159 0.2531368 0.2794275 0.2955239 0.2235605 -0.1745221 -0.0707477 -0.1929600 -0.1093087 -0.1887638 -0.1784434 -0.1914704
-0.0696942 0.1247193 0.0457231 -0.0021435 -0.0080761 -0.0341290 0.0258836 -0.0061530 -0.0288487 -0.2059240 0.0855479 0.0398384 0.0317922 0.2302095 0.0112508 -0.2034042 -0.1514653 -0.0043516 -0.1907832 -0.2076840 -0.1742269 -0.1921763 -0.1852858 -0.1741124 0.0540732 0.0496216 0.0464983 0.0542929 -0.2030051 1.2838955 0.3313848 0.4687127 0.3964911 0.1210422 -0.2113922 -0.1978061 -0.2066979 -0.1879663 -0.2007536 -0.0376749 -0.0676310 -0.0152786 -0.0556301 -0.0163279 -0.0350171 -0.0177534
-0.0624688 0.1367700 0.0540280 -0.0035882 0.0110011 -0.0297044 0.0598181 -0.0073537 -0.0360736 -0.1918072 0.0840887 0.0691484 0.0391967 0.2599264 0.0176902 -0.1874658 -0.1369281 0.0096071 -0.1715613 -0.1868511 -0.1645523 -0.1794471 -0.1765338 -0.1620477 0.0474229 0.0442064 0.0487172 0.0503484 -0.1935240 0.3313848 1.1651763 0.4602726 0.4379277 0.0716691 -0.1920295 -0.1831909 -0.1921778 -0.1697762 -0.1886605 -0.0745346 -0.0919527 -0.0395835 -0.0821494 -0.0503456 -0.0658861 -0.0609972
-0.0805081 0.1517678 0.0302107 0.0019749 -0.0078009 -0.0422186 0.0771307 -0.0102676 -0.0582424 -0.2169265 0.1340071 0.0683074 0.0418339 0.3556739 0.0024162 -0.2083861 -0.1527960 -0.0087684 -0.1864244 -0.2097400 -0.1798869 -0.1966556 -0.1836566 -0.1683137 0.0431068 0.0508186 0.0501344 0.0420481 -0.2164189 0.4687127 0.4602726 1.2707580 0.4909573 0.0695709 -0.2134670 -0.2047048 -0.2166024 -0.1929600 -0.2104678 -0.0749953 -0.0892203 -0.0463881 -0.0941546 -0.0647720 -0.0651811 -0.0515415
-0.0697860 0.1252771 0.0454625 -0.0092502 -0.0096490 -0.0459990 0.0783913 -0.0110571 -0.0509058 -0.2059692 0.1015275 0.0857265 0.0413975 0.2749362 0.0005835 -0.1926738 -0.1417513 -0.0055052 -0.1856997 -0.2024392 -0.1733804 -0.1934233 -0.1817399 -0.1550207 0.0423075 0.0472166 0.0688544 0.0725055 -0.2045520 0.3964911 0.4379277 0.4909573 1.2281636 0.0949912 -0.2059027 -0.2040433 -0.2035896 -0.1709884 -0.2088954 -0.0679158 -0.0743458 -0.0449877 -0.0781949 -0.0597523 -0.0626552 -0.0671886
-0.0341813 0.0615108 0.0835663 0.0049209 0.0186226 -0.0121688 0.0892483 0.0144614 -0.0054244 -0.1719949 0.0930213 0.0519641 0.0561254 0.0626861 0.0231403 -0.1732207 -0.1137822 0.0072064 -0.1477621 -0.1683545 -0.1497339 -0.1555969 -0.1298819 -0.1261846 0.0694895 0.0919097 0.0963745 0.1115076 -0.1695520 0.1210422 0.0716691 0.0695709 0.0949912 1.1751658 -0.1846688 -0.1656046 -0.1728861 -0.1634795 -0.1690705 0.0072319 -0.0343054 0.0339052 0.0165939 0.0240216 0.0191577 0.0100561
-0.1396209 -0.1964651 -0.1764166 -0.1586152 -0.1529763 -0.1096176 -0.2163472 -0.1746680 -0.1502593 0.6296906 -0.2250367 -0.2227691 -0.1623637 -0.2192701 -0.1840615 0.7067469 0.1361177 -0.1781836 0.1432918 0.4936621 0.1738003 0.2011498 0.1446130 0.1645861 -0.1934507 -0.2005556 -0.1846233 -0.1819852 0.3516159 -0.2113922 -0.1920295 -0.2134670 -0.2059027 -0.1846688 1.1152197 0.2843553 0.5666966 0.2972295 0.3042306 -0.1892776 -0.1322189 -0.1735896 -0.1526617 -0.2132176 -0.1839593 -0.1672185
-0.1166634 -0.1779304 -0.1682079 -0.1491437 -0.1161633 -0.0846984 -0.2018239 -0.1680366 -0.1167493 0.2790614 -0.2183464 -0.2048069 -0.1418386 -0.2036096 -0.1696402 0.3202771 0.2179992 -0.1468896 0.2814387 0.3580202 0.2802694 0.2736779 0.2524362 0.2795755 -0.1727951 -0.1841663 -0.1674480 -0.1582502 0.2531368 -0.1978061 -0.1831909 -0.2047048 -0.2040433 -0.1656046 0.2843553 1.0061889 0.3228790 0.3171761 0.4817191 -0.1861033 -0.0643140 -0.1888790 -0.0944605 -0.1956524 -0.1899025 -0.1852756
-0.1356083 -0.1779157 -0.1731152 -0.1584705 -0.1346123 -0.1071536 -0.2175830 -0.1693826 -0.1534840 0.5047351 -0.2273906 -0.2129108 -0.1526249 -0.2123209 -0.1692668 0.5705652 0.1758132 -0.1712048 0.1644363 0.4847105 0.1993509 0.2434099 0.1783840 0.2072494 -0.1856701 -0.1945719 -0.1712198 -0.1739584 0.2794275 -0.2066979 -0.1921778 -0.2166024 -0.2035896 -0.1728861 0.5666966 0.3228790 0.9714890 0.3020121 0.4410328 -0.1967859 -0.1047589 -0.1910379 -0.1672003 -0.2157928 -0.2012120 -0.1822125
-0.1100630 -0.1814494 -0.1521032 -0.1376648 -0.1287139 -0.0954256 -0.1977913 -0.1684543 -0.1267502 0.2526745 -0.2126157 -0.1959965 -0.1452414 -0.1964898 -0.1684000 0.3118810 0.1983588 -0.1757077 0.3630191 0.3083825 0.3105192 0.4360145 0.2311189 0.3031585 -0.1789436 -0.1830141 -0.1569621 -0.1655375 0.2955239 -0.1879663 -0.1697762 -0.1929600 -0.1709884 -0.1634795 0.2972295 0.3171761 0.3020121 0.9117096 0.3053630 -0.1786705 -0.0669067 -0.1863048 -0.1192423 -0.2069223 -0.1794125 -0.1702139
-0.1143626 -0.1812600 -0.1645858 -0.1337476 -0.1326543 -0.0785590 -0.2023258 -0.1676124 -0.1343906 0.3355790 -0.2228524 -0.1992840 -0.1415644 -0.2040593 -0.1659525 0.3034339 0.1983431 -0.1472773 0.2739946 0.4338112 0.2681226 0.2624059 0.2186405 0.2870741 -0.1865324 -0.1974059 -0.1729581 -0.1769627 0.2235605 -0.2007536 -0.1886605 -0.2104678 -0.2088954 -0.1690705 0.3042306 0.4817191 0.4410328 0.3053630 0.9475842 -0.1987525 -0.0670786 -0.1784248 -0.1094114 -0.2061102 -0.1786355 -0.1765798
0.0484986 -0.0407569 -0.0336373 0.0061022 -0.0099104 -0.0507522 -0.0569599 -0.0413007 0.0065643 -0.2022844 -0.0758729 -0.0537448 -0.0352368 -0.0704459 -0.0259247 -0.2056380 -0.1660105 -0.0366981 -0.1597676 -0.2008757 -0.1874274 -0.1714513 -0.1746363 -0.1841242 -0.0132141 -0.0266173 -0.0322227 -0.0198453 -0.1745221 -0.0376749 -0.0745346 -0.0749953 -0.0679158 0.0072319 -0.1892776 -0.1861033 -0.1967859 -0.1786705 -0.1987525 1.2861079 0.2398438 0.4010247 0.3043055 0.4476929 0.4656264 0.4879814
-0.0078939 -0.0499673 -0.0317134 -0.0275544 -0.0476398 -0.0685863 -0.0609155 -0.0650653 -0.0308450 -0.1206134 -0.0836053 -0.0351125 -0.0240123 -0.0680347 -0.0690284 -0.1132435 -0.0176964 -0.0648366 -0.0421540 -0.0869976 -0.0779923 -0.0381909 -0.0483254 -0.0803591 -0.0362706 -0.0332367 -0.0403239 -0.0412316 -0.0707477 -0.0676310 -0.0919527 -0.0892203 -0.0743458 -0.0343054 -0.1322189 -0.0643140 -0.1047589 -0.0669067 -0.0670786 0.2398438 1.0936550 0.2324604 0.1875320 0.2383557 0.2312399 0.2050900
-0.0278988 -0.0424443 -0.0165978 -0.0044152 -0.0370366 -0.0524945 -0.0293810 -0.0565836 -0.0342027 -0.1887056 -0.0482456 -0.0246548 -0.0347394 -0.0412038 -0.0273066 -0.1908595 -0.1586031 -0.0357521 -0.1785883 -0.1771611 -0.1802542 -0.1725260 -0.1741676 -0.1865686 0.0070107 -0.0081837 -0.0105885 0.0010235 -0.1929600 -0.0152786 -0.0395835 -0.0463881 -0.0449877 0.0339052 -0.1735896 -0.1888790 -0.1910379 -0.1863048 -0.1784248 0.4010247 0.2324604 1.2652771 0.2698137 0.3814847 0.4105546 0.4390594
0.0170402 -0.0589656 -0.0342740 -0.0355759 -0.0527791 -0.0564841 -0.0390083 -0.0557524 -0.0341505 -0.1469813 -0.0626203 -0.0431273 -0.0365578 -0.0766570 -0.0654030 -0.1432122 -0.0729741 -0.0631166 -0.0578570 -0.1314477 -0.1151463 -0.1047754 -0.0807277 -0.0742668 -0.0201895 -0.0278586 -0.0161556 0.0091742 -0.1093087 -0.0556301 -0.0821494 -0.0941546 -0.0781949 0.0165939 -0.1526617 -0.0944605 -0.1672003 -0.1192423 -0.1094114 0.3043055 0.1875320 0.2698137 1.1275961 0.3457921 0.2850126 0.2610051
0.0200431 -0.0317420 -0.0241235 -0.0135892 -0.0321868 -0.0613856 -0.0095160 -0.0478677 -0.0147048 -0.2287455 -0.0360209 -0.0117710 -0.0284061 -0.0559247 -0.0388027 -0.2237932 -0.1570170 -0.0350721 -0.1655935 -0.2064815 -0.2054705 -0.1822315 -0.1869219 -0.1947559 0.0102526 -0.0114649 -0.0109715 0.0021832 -0.1887638 -0.0163279 -0.0503456 -0.0647720 -0.0597523 0.0240216 -0.2132176 -0.1956524 -0.2157928 -0.2069223 -0.2061102 0.4476929 0.2383557 0.3814847 0.3457921 1.3284793 0.4505513 0.4374862
0.0151466 -0.0325641 -0.0383315 0.0112449 -0.0290096 -0.0419313 -0.0418754 -0.0380969 -0.0044099 -0.2055643 -0.0522085 -0.0347904 -0.0334990 -0.0600178 -0.0413929 -0.2008968 -0.1682443 -0.0320877 -0.1646243 -0.1855764 -0.1768630 -0.1741026 -0.1746390 -0.1800801 -0.0163118 -0.0318157 -0.0212202 -0.0124973 -0.1784434 -0.0350171 -0.0658861 -0.0651811 -0.0626552 0.0191577 -0.1839593 -0.1899025 -0.2012120 -0.1794125 -0.1786355 0.4656264 0.2312399 0.4105546 0.2850126 0.4505513 1.2536955 0.4281861
0.0067631 -0.0480093 -0.0425949 -0.0002234 -0.0318648 -0.0257444 -0.0596634 -0.0395460 -0.0231676 -0.2081239 -0.0663998 -0.0464678 -0.0449311 -0.0644597 -0.0513304 -0.2059593 -0.1476114 -0.0440382 -0.1692930 -0.1811084 -0.1798128 -0.1736464 -0.1918590 -0.1906074 -0.0132269 -0.0063690 -0.0191049 -0.0141777 -0.1914704 -0.0177534 -0.0609972 -0.0515415 -0.0671886 0.0100561 -0.1672185 -0.1852756 -0.1822125 -0.1702139 -0.1765798 0.4879814 0.2050900 0.4390594 0.2610051 0.4374862 0.4281861 1.3391509
